Material: mat3
BaseColor: mn_sden_00_basebody_lower_d.png
Normal: None
Roughness: None
Metallic: None
Alpha: None
Emissive: None
Vertices:
0.085928 0.024405 -0.077699 0.700680 0.058110
0.100646 0.031119 -0.079925 0.706540 0.047360
0.086579 0.040895 -0.076690 0.705570 0.057130
0.080266 0.050101 0.075330 0.476070 0.068850
0.085731 0.038240 0.075526 0.472660 0.057130
0.085993 0.048219 0.068372 0.462650 0.063960
0.078827 0.054054 0.064931 0.465580 0.073730
0.098619 0.043308 0.090535 0.498290 0.052730
0.101356 0.038264 0.083861 0.489990 0.048830
0.086560 0.046861 0.081746 0.488040 0.062990
0.086579 0.038028 0.078151 0.480710 0.058590
0.085928 0.021512 0.078549 0.480220 0.052730
0.085705 0.021282 0.075308 0.476560 0.047850
0.096097 0.029733 0.078603 0.470210 0.046880
0.097407 0.041554 0.071219 0.458740 0.054690
0.090361 0.044092 0.056614 0.447510 0.060550
0.100646 0.028139 0.081022 0.481200 0.044430
0.084653 0.045565 0.055011 0.449460 0.064450
0.084351 0.041621 0.052522 0.444340 0.063480
0.075257 0.048132 0.051921 0.451900 0.073730
0.073577 0.039041 0.047056 0.442140 0.071780
0.063903 0.042467 0.042644 0.446290 0.082520
0.071590 0.061205 0.062224 0.470950 0.084470
0.065230 0.053860 0.049010 0.457280 0.084470
0.055492 0.065908 0.047293 0.464360 0.098140
0.053134 0.043883 0.040956 0.444090 0.090820
0.042088 0.060861 0.041253 0.453370 0.104490
0.026995 0.044384 0.043597 0.444340 0.109860
0.004395 0.096411 0.047845 0.463870 0.140140
-0.004049 0.082175 0.053909 0.445070 0.137700
-0.037379 0.111116 0.058108 0.442380 0.165530
0.069253 0.063847 0.086160 0.499760 0.084960
0.071096 0.060563 0.073283 0.483400 0.082520
0.060046 0.077168 0.065457 0.485600 0.102050
0.058256 0.078548 0.085367 0.504880 0.102540
-0.029916 0.150621 0.052315 0.463130 0.187990
-0.013148 0.152515 0.054631 0.481930 0.180660
-0.054970 0.125005 0.054238 0.432860 0.196290
-0.055894 0.166759 0.053977 0.450200 0.211910
-0.035682 0.185195 0.053465 0.479740 0.214840
-0.017628 0.189535 0.058102 0.494140 0.208500
0.007325 0.165367 0.069235 0.500980 0.178710
-0.003234 0.194821 0.071620 0.506350 0.204100
0.001783 0.163309 0.090907 0.515140 0.178710
-0.006342 0.193806 0.088428 0.515620 0.202640
-0.057042 0.188883 0.054721 0.466550 0.228030
0.018353 0.135545 0.089376 0.513670 0.152830
0.023720 0.135974 0.066809 0.497800 0.151860
0.010665 0.119422 0.051618 0.479980 0.147460
0.037234 0.081300 0.049840 0.476810 0.122070
0.042783 0.100396 0.065608 0.494630 0.130860
0.039721 0.102042 0.086360 0.511230 0.131350
0.008074 0.129009 0.107470 0.533200 0.152340
-0.007262 0.159602 0.107339 0.531740 0.179200
0.026470 0.088423 0.109284 0.532230 0.125980
-0.006761 0.115272 0.120145 0.554200 0.148930
-0.025909 0.152265 0.116601 0.553710 0.181150
-0.047508 0.147051 0.119102 0.573730 0.190430
-0.017951 0.101709 0.127291 0.570800 0.147460
0.017014 0.075308 0.124658 0.553220 0.118650
0.046444 0.065802 0.112174 0.538090 0.099120
0.053635 0.072018 0.100049 0.521970 0.100100
0.064621 0.058302 0.105591 0.527340 0.083980
0.069718 0.058217 0.096794 0.514650 0.082030
0.073185 0.050819 0.101286 0.520510 0.075200
0.076679 0.048810 0.097726 0.514160 0.072270
0.006033 0.063002 0.133102 0.569340 0.120120
0.041566 0.056473 0.126035 0.556640 0.093260
0.025778 0.044141 0.137976 0.574710 0.096680
0.002200 0.052789 0.136043 0.577640 0.116210
-0.021416 0.082741 0.129762 0.581050 0.141600
-0.052321 0.120498 0.122334 0.584470 0.175290
-0.079861 0.142567 0.118642 0.596190 0.205570
-0.079032 0.162542 0.116246 0.587400 0.212890
0.055360 0.048323 0.122925 0.551760 0.082030
0.061871 0.050296 0.115564 0.541020 0.080080
0.047767 0.045760 0.130889 0.563960 0.083500
0.052587 0.044534 0.128087 0.559570 0.080570
0.061098 0.044027 0.123972 0.552730 0.076660
0.067344 0.042479 0.119747 0.547360 0.072270
0.072005 0.037390 0.115846 0.542480 0.067380
0.069624 0.045583 0.112711 0.536620 0.073240
0.076760 0.041432 0.112885 0.536130 0.066410
0.077868 0.046655 0.107272 0.528320 0.068850
0.084010 0.043258 0.107815 0.528810 0.062990
0.071115 0.051061 0.106981 0.528320 0.075680
0.088243 0.038912 0.102561 0.522460 0.059080
0.089745 0.028722 0.099310 0.515140 0.054200
0.083392 0.033392 0.098354 0.514650 0.060060
0.079434 0.045169 0.101697 0.521970 0.067870
0.083329 0.034298 0.096810 0.513180 0.060060
0.083482 0.045887 0.093938 0.505860 0.064940
0.075896 0.051750 0.093460 0.507320 0.074220
0.084701 0.049371 0.088434 0.497560 0.065920
0.077096 0.054449 0.087006 0.497310 0.074710
0.078298 0.053168 0.080716 0.487550 0.072750
0.091721 0.031188 0.097775 0.513180 0.052250
0.095418 0.040401 0.096162 0.504880 0.052730
0.026058 1.326655 0.000559 0.048860 0.824950
0.004567 1.325997 0.005278 0.036160 0.815060
0.004773 1.323290 0.004581 0.037840 0.812620
-0.021241 1.325714 0.006230 0.027150 0.801510
-0.022605 1.312793 0.006067 0.027080 0.800780
-0.021144 1.332438 0.005967 0.024150 0.801510
0.004105 1.327502 0.009711 0.033480 0.815800
0.026441 1.326871 0.007941 0.044280 0.828000
0.050638 1.336934 0.003146 0.059050 0.841430
0.049874 1.340195 -0.009744 0.067750 0.837400
0.068864 1.354628 -0.006003 0.073240 0.856080
0.071289 1.361997 -0.025485 0.087710 0.854740
-0.019645 1.337036 0.010949 0.020030 0.802490
0.084935 1.381334 -0.019928 0.090090 0.874630
0.088174 1.389758 -0.042205 0.106930 0.875060
0.099074 1.421854 -0.046574 0.116880 0.900210
0.100436 1.427990 -0.066311 0.132080 0.901250
0.103299 1.455432 -0.065006 0.136600 0.924320
0.091064 1.513104 -0.126267 0.194820 0.962040
0.101913 1.497544 -0.099158 0.168330 0.953860
0.102950 1.477176 -0.103742 0.171510 0.936770
0.103711 1.450815 -0.081648 0.148320 0.916810
0.101169 1.420340 -0.071132 0.134640 0.894840
0.090329 1.386063 -0.048947 0.111690 0.871950
0.073009 1.358987 -0.030013 0.090880 0.851680
0.097678 1.360309 -0.063578 0.123470 0.852290
0.102890 1.408475 -0.077650 0.138790 0.886290
0.109042 1.376947 -0.089106 0.147580 0.863530
0.100433 1.333512 -0.067537 0.128050 0.833250
0.077722 1.328858 -0.035959 0.097900 0.829100
0.051989 1.338600 -0.013197 0.071470 0.834230
0.048466 1.317127 -0.012187 0.071170 0.818120
0.030763 1.311553 -0.002670 0.057530 0.812380
0.026912 1.325884 -0.001095 0.051910 0.821530
0.115185 1.338260 -0.095278 0.153930 0.836670
0.113735 1.388837 -0.115300 0.169070 0.870120
0.109399 1.429698 -0.111619 0.169920 0.898500
0.105737 1.446028 -0.089902 0.154420 0.911990
0.105018 1.464110 -0.107566 0.171510 0.927060
0.100973 1.395096 -0.155908 0.197270 0.871950
0.097028 1.439576 -0.150793 0.198490 0.902400
0.094285 1.464599 -0.145966 0.199710 0.920590
0.091383 1.495238 -0.132348 0.196290 0.946900
0.104688 1.344194 -0.158335 0.198490 0.836790
0.080689 1.398906 -0.181456 0.221560 0.871830
0.075159 1.443490 -0.176266 0.224370 0.903560
0.070740 1.478367 -0.169002 0.226440 0.929500
0.068086 1.511775 -0.157058 0.226070 0.955780
0.038500 1.544936 -0.162664 0.252930 0.978730
0.066407 1.532505 -0.151555 0.224370 0.971880
0.042937 1.482980 -0.183232 0.251710 0.931640
0.040139 1.518943 -0.169446 0.252930 0.960020
0.046582 1.444447 -0.193160 0.249880 0.901920
0.048787 1.400613 -0.200125 0.248410 0.869630
0.082832 1.347034 -0.183307 0.221680 0.835330
0.105228 1.276965 -0.160018 0.201420 0.789670
0.120734 1.273121 -0.122790 0.175780 0.790040
0.117484 1.340812 -0.119744 0.171140 0.837400
0.084057 1.280147 -0.185877 0.223140 0.788820
0.048881 1.348577 -0.204448 0.249020 0.832400
0.047363 1.284275 -0.207259 0.250000 0.787840
0.006134 1.398473 -0.211210 0.280030 0.864990
0.008081 1.441971 -0.202488 0.278810 0.897340
0.002891 1.346420 -0.216260 0.281250 0.827390
-0.000667 1.289339 -0.217733 0.282470 0.787840
-0.040978 1.339875 -0.213912 0.313230 0.822510
-0.046431 1.293356 -0.211371 0.315670 0.790280
-0.052617 1.223815 -0.202068 0.318600 0.739750
-0.064910 1.467784 -0.186066 0.335690 0.913820
-0.027789 1.468578 -0.196183 0.306880 0.917110
-0.031009 1.436262 -0.204658 0.307620 0.891850
-0.035391 1.391628 -0.211115 0.310060 0.859130
-0.070569 1.434298 -0.194213 0.337160 0.888850
-0.103351 1.469294 -0.165623 0.367680 0.912600
-0.062343 1.489452 -0.178201 0.335940 0.931030
-0.025644 1.494143 -0.186254 0.307370 0.937650
0.008023 1.481649 -0.190579 0.280030 0.928770
0.007429 1.524620 -0.175182 0.283450 0.963170
-0.096236 1.495080 -0.157300 0.365720 0.931340
-0.058848 1.512113 -0.169304 0.335940 0.949160
-0.025040 1.527922 -0.173623 0.310060 0.963810
-0.023779 1.557641 -0.159880 0.313480 0.986730
0.006103 1.550935 -0.163305 0.284420 0.983020
-0.101747 1.561627 -0.083281 0.407230 0.993660
-0.082533 1.560487 -0.119482 0.373050 0.990930
-0.105341 1.540791 -0.114722 0.388180 0.968230
-0.082869 1.537315 -0.139500 0.363770 0.966280
-0.059907 1.559186 -0.141927 0.345210 0.989080
-0.052615 1.532177 -0.161255 0.335940 0.964690
-0.088601 1.517726 -0.148706 0.364500 0.949010
-0.127889 1.498247 -0.132517 0.391360 0.932010
-0.116609 1.521138 -0.124317 0.389650 0.949620
-0.150572 1.499666 -0.103567 0.414790 0.931880
-0.108099 1.433378 -0.175161 0.369630 0.888730
-0.108337 1.401735 -0.179898 0.371580 0.868650
-0.140642 1.402272 -0.149596 0.397220 0.871580
-0.141686 1.431744 -0.146892 0.395750 0.888550
-0.167087 1.428686 -0.111773 0.419680 0.889220
-0.161679 1.469861 -0.108431 0.417240 0.912720
-0.173924 1.467410 -0.077225 0.435790 0.913940
-0.136087 1.470691 -0.140592 0.393310 0.914060
-0.136924 1.381672 -0.151592 0.398440 0.860350
-0.163731 1.394054 -0.114199 0.421630 0.872310
-0.178184 1.425705 -0.077688 0.438960 0.890260
-0.179404 1.424163 -0.039896 0.461670 0.893310
-0.173284 1.391187 -0.078276 0.441650 0.873290
-0.172975 1.389563 -0.039531 0.464360 0.875370
-0.161968 1.361517 -0.079474 0.443850 0.857180
-0.157380 1.358550 -0.039333 0.467770 0.856690
-0.161485 1.392382 -0.003872 0.487300 0.877260
-0.146983 1.363245 -0.005188 0.491210 0.857670
-0.136201 1.370379 0.013329 0.507810 0.859010
-0.156264 1.367154 -0.115986 0.422850 0.857300
-0.140725 1.336987 -0.039997 0.472170 0.836670
-0.122085 1.342474 -0.007865 0.496580 0.836670
-0.146758 1.338918 -0.081641 0.445800 0.839110
-0.144536 1.341119 -0.118964 0.423340 0.841190
-0.131784 1.354573 -0.150692 0.400390 0.844240
-0.106626 1.368189 -0.179604 0.373780 0.848140
-0.126805 1.332072 -0.148168 0.400630 0.827760
-0.103924 1.344312 -0.178771 0.376460 0.831540
-0.102571 1.323967 -0.177267 0.377440 0.816770
-0.073755 1.382107 -0.200759 0.338130 0.855100
-0.074342 1.357489 -0.201217 0.341550 0.836180
-0.073957 1.332852 -0.200797 0.343020 0.819210
-0.075763 1.296343 -0.198628 0.345700 0.794430
-0.103232 1.297573 -0.173986 0.376220 0.798220
-0.081695 1.231080 -0.185728 0.346190 0.745360
-0.106605 1.236809 -0.161327 0.375240 0.750980
-0.107461 1.183160 -0.150188 0.372800 0.709960
-0.085940 1.062493 -0.049523 0.421140 0.621580
-0.080446 1.009565 -0.051712 0.411380 0.584960
-0.059363 1.006990 -0.028220 0.432860 0.580320
-0.092196 1.010226 -0.079340 0.394290 0.587650
-0.100834 1.061586 -0.079576 0.402830 0.623290
-0.102269 1.057413 -0.118797 0.378660 0.623780
-0.113881 1.126287 -0.119341 0.389400 0.669190
-0.104535 1.120493 -0.142744 0.369380 0.667240
-0.084896 1.171926 -0.175850 0.346440 0.703610
-0.093559 1.009116 -0.111680 0.373290 0.589840
-0.119967 1.187767 -0.120037 0.398190 0.712650
-0.110991 1.132197 -0.080035 0.411870 0.670410
-0.094052 1.133996 -0.045446 0.436520 0.668210
-0.107846 1.321119 -0.043964 0.479250 0.809330
-0.124627 1.316970 -0.084672 0.444820 0.812010
-0.123018 1.305746 -0.084697 0.443120 0.802490
-0.105540 1.311123 -0.043756 0.477540 0.799800
-0.118645 1.250954 -0.085318 0.432370 0.760130
-0.100064 1.256614 -0.042400 0.468020 0.757450
-0.114541 1.194411 -0.082206 0.421390 0.714360
-0.097259 1.197681 -0.042122 0.451420 0.711180
-0.125393 1.242476 -0.124701 0.406010 0.756840
-0.121349 1.324122 -0.043437 0.477290 0.818240
-0.131870 1.321908 -0.084718 0.445800 0.820560
-0.136721 1.324296 -0.117690 0.423340 0.823850
-0.133801 1.315230 -0.117825 0.422610 0.813600
-0.125123 1.316302 -0.144714 0.402100 0.815190
-0.124738 1.299347 -0.141502 0.402590 0.801270
-0.130832 1.301560 -0.119047 0.420170 0.802000
-0.100452 1.332820 -0.011073 0.505370 0.815920
-0.108259 1.353079 0.010868 0.513670 0.838990
-0.078646 1.340285 0.005719 0.521970 0.819090
-0.084655 1.327976 -0.012657 0.508790 0.807620
-0.053956 1.335153 0.001576 0.533200 0.802490
-0.052635 1.326973 -0.000078 0.527830 0.796390
-0.080966 1.320959 -0.013334 0.510250 0.797120
-0.051944 1.317480 -0.000699 0.522950 0.790280
-0.021241 1.325714 0.006230 0.544920 0.786740
-0.021144 1.332438 0.005967 0.547360 0.790890
-0.019645 1.337036 0.010949 0.550780 0.795650
-0.043225 1.345376 0.012211 0.541500 0.810790
-0.071892 1.353470 0.015932 0.534180 0.825320
-0.103853 1.360918 0.017340 0.521970 0.841800
-0.036152 0.212137 0.115757 0.238650 0.031740
-0.052245 0.212720 0.124218 0.254640 0.034180
-0.057313 0.191415 0.119583 0.258300 0.016110
-0.036635 0.188944 0.116121 0.240970 0.012210
-0.017184 0.191436 0.104114 0.220460 0.011720
-0.019775 0.212501 0.104763 0.219970 0.031250
-0.006342 0.193806 0.088428 0.207400 0.012210
-0.010211 0.214209 0.090754 0.207280 0.032230
-0.003234 0.194821 0.071620 0.197020 0.012700
-0.075059 0.193449 0.115084 0.272710 0.020020
-0.068423 0.214782 0.120819 0.270750 0.036620
-0.049045 0.243887 0.119481 0.253170 0.058110
-0.034365 0.241688 0.112495 0.237060 0.057130
-0.020597 0.243650 0.102351 0.221310 0.057620
-0.011361 0.244936 0.090652 0.207640 0.059080
-0.007430 0.215765 0.076642 0.197270 0.033200
-0.017628 0.189535 0.058102 0.183350 0.012210
-0.031701 0.282940 0.112126 0.238890 0.089840
-0.045034 0.282866 0.116236 0.251220 0.088870
-0.019882 0.283739 0.103291 0.222530 0.091310
-0.012031 0.284367 0.092549 0.208620 0.092770
-0.014292 0.245449 0.071798 0.192870 0.060550
-0.019263 0.213079 0.065247 0.185670 0.034180
-0.035682 0.185195 0.053465 0.167720 0.013180
-0.019282 0.351755 0.110605 0.223630 0.134770
-0.011227 0.352840 0.098687 0.209110 0.136230
-0.006325 0.438310 0.106362 0.209470 0.190430
-0.010365 0.440845 0.087016 0.191650 0.191410
-0.013898 0.355234 0.082176 0.192630 0.137210
-0.014694 0.285819 0.076731 0.193360 0.093260
-0.031113 0.351642 0.119996 0.239750 0.133790
-0.015741 0.437142 0.122019 0.225220 0.188960
-0.010245 0.522284 0.128548 0.227290 0.250980
0.001164 0.523238 0.108459 0.209720 0.251950
-0.004149 0.527788 0.086453 0.190550 0.253910
-0.030824 0.443444 0.070321 0.169680 0.190920
-0.028180 0.534488 0.069698 0.165890 0.255370
0.009863 0.607750 0.113102 0.209230 0.313960
-0.001709 0.608773 0.134332 0.226560 0.314450
-0.018988 0.611307 0.151367 0.242800 0.314940
-0.026580 0.523628 0.144691 0.243770 0.250490
-0.029382 0.437031 0.134112 0.241460 0.187990
-0.042940 0.352422 0.125812 0.254150 0.133300
-0.046528 0.526227 0.158595 0.260990 0.250980
-0.044931 0.437874 0.143184 0.257570 0.187010
-0.061836 0.359971 0.124825 0.277100 0.136230
-0.058579 0.285813 0.114423 0.272710 0.090330
-0.062928 0.245963 0.116672 0.270510 0.059570
-0.081122 0.219888 0.105387 0.290530 0.039060
-0.091943 0.225546 0.094107 0.307860 0.040530
-0.074069 0.250197 0.103863 0.290530 0.061040
-0.087166 0.254341 0.082526 0.321040 0.059080
-0.094128 0.226398 0.082702 0.315920 0.039550
-0.084940 0.253488 0.094810 0.309080 0.060550
-0.071516 0.289058 0.106374 0.292480 0.091310
-0.088061 0.194513 0.104986 0.290040 0.023930
-0.104224 0.197218 0.091320 0.306880 0.028320
-0.105769 0.198131 0.079993 0.314700 0.027340
-0.091631 0.225567 0.075701 0.323730 0.038570
-0.080459 0.252125 0.072781 0.333500 0.056640
-0.078585 0.288900 0.076712 0.340090 0.084960
-0.067580 0.249360 0.067270 0.347900 0.053220
-0.074795 0.221040 0.067288 0.342040 0.032230
-0.101727 0.198269 0.072235 0.322510 0.026370
-0.082598 0.194339 0.063387 0.338620 0.017580
-0.057042 0.188883 0.054721 0.359620 0.003420
-0.052559 0.214279 0.050935 0.365480 0.023930
-0.047592 0.245992 0.058706 0.369140 0.048340
-0.046382 0.286920 0.065442 0.374760 0.077150
-0.067054 0.286763 0.072298 0.354250 0.082030
-0.071585 0.363623 0.073339 0.365230 0.128420
-0.049270 0.360839 0.068156 0.386960 0.122070
-0.080217 0.449737 0.066471 0.377930 0.180660
-0.053237 0.446840 0.064706 0.402100 0.173830
-0.055800 0.541674 0.060505 0.423100 0.239260
-0.091104 0.549246 0.055315 0.395510 0.250000
-0.092939 0.590253 0.051427 0.402590 0.280270
-0.111785 0.552432 0.069849 0.373540 0.254880
-0.052200 0.624907 0.054930 0.440190 0.299800
-0.095857 0.451506 0.078422 0.358890 0.183590
-0.084329 0.365289 0.080115 0.348880 0.131350
-0.084993 0.290509 0.086476 0.325680 0.087400
-0.082691 0.290381 0.097261 0.311770 0.090330
-0.090195 0.366611 0.091907 0.333250 0.133790
-0.102473 0.452900 0.096686 0.341550 0.186520
-0.120753 0.554142 0.097318 0.352540 0.258790
-0.101261 0.452168 0.115366 0.324710 0.189450
-0.119903 0.553309 0.122294 0.333010 0.260740
-0.103718 0.545465 0.154007 0.306640 0.258790
-0.108219 0.587636 0.159584 0.308840 0.290040
-0.088710 0.367983 0.104878 0.318120 0.136720
-0.088054 0.449269 0.135839 0.301760 0.190430
-0.079513 0.580258 0.172211 0.287110 0.287600
-0.077598 0.625196 0.175333 0.289060 0.320310
-0.078861 0.535559 0.164966 0.285160 0.254390
-0.069340 0.445535 0.145910 0.281010 0.189450
-0.077085 0.365553 0.117854 0.297360 0.137700
-0.041796 0.616563 0.167237 0.261230 0.317380
-0.069922 0.669158 0.171454 0.290530 0.352050
-0.032311 0.700666 0.159418 0.265380 0.379880
0.040570 0.809148 0.081371 0.176510 0.461910
0.052344 0.805722 0.109054 0.200070 0.463870
0.045330 0.779997 0.107406 0.201290 0.442870
0.029942 0.782405 0.130761 0.226200 0.444340
0.020752 0.748625 0.127353 0.225950 0.419920
-0.003564 0.753519 0.142249 0.250730 0.421880
-0.012365 0.695995 0.148857 0.247560 0.377440
0.035123 0.784215 0.081920 0.178590 0.442380
0.025242 0.749790 0.085275 0.180540 0.417480
0.034532 0.746249 0.109357 0.203250 0.418460
0.008077 0.693663 0.131732 0.226200 0.377440
0.020157 0.692384 0.111984 0.205080 0.376460
0.010674 0.694608 0.088379 0.181640 0.375000
0.013285 0.750982 0.073087 0.166020 0.415530
0.014417 0.786748 0.063233 0.157840 0.439940
0.015401 0.811378 0.059990 0.153080 0.457030
0.016735 0.837412 0.057414 0.147460 0.475590
-0.014883 0.750016 0.058604 0.142820 0.408690
-0.012615 0.787023 0.045008 0.134520 0.433590
-0.020087 0.693660 0.067217 0.152950 0.368160
-0.025754 0.618179 0.067474 0.161250 0.314940
0.002227 0.611935 0.088819 0.188840 0.314940
-0.042059 0.755893 0.053804 0.118160 0.405760
-0.046978 0.698852 0.055059 0.127810 0.366210
-0.052200 0.624907 0.054930 0.136110 0.315430
-0.032808 0.212906 0.052263 0.172490 0.036130
-0.052559 0.214279 0.050935 0.155880 0.039550
-0.031007 0.244479 0.060893 0.175170 0.062500
-0.047592 0.245992 0.058706 0.159550 0.064450
-0.030648 0.285882 0.067079 0.175170 0.092770
-0.046382 0.286920 0.065442 0.159420 0.092770
-0.031134 0.357628 0.071134 0.172730 0.137210
-0.049270 0.360839 0.068156 0.154910 0.138180
-0.053237 0.446840 0.064706 0.149540 0.190430
-0.055800 0.541674 0.060505 0.142330 0.256840
-0.021964 0.796187 0.156928 0.275630 0.450200
-0.046338 0.804055 0.154445 0.301760 0.452640
-0.051038 0.764189 0.153756 0.296390 0.424320
-0.020912 0.823826 0.161118 0.280030 0.470700
0.003907 0.815028 0.148175 0.254880 0.466800
0.009046 0.848969 0.152433 0.254150 0.492680
0.040249 0.844279 0.137887 0.223880 0.492680
0.039527 0.868179 0.143132 0.222900 0.510500
-0.024685 0.758582 0.149990 0.270510 0.423830
-0.061655 0.709451 0.163428 0.292240 0.382320
0.002282 0.787500 0.144414 0.251220 0.446290
0.035966 0.808058 0.133568 0.225710 0.464840
0.054593 0.841638 0.113488 0.198610 0.491700
0.054605 0.865638 0.117025 0.197020 0.509520
0.056869 0.890483 0.120629 0.195310 0.527590
-0.100203 0.675769 0.159982 0.314700 0.353520
0.045076 0.838533 0.081449 0.173950 0.484860
0.075235 0.980307 0.094266 0.158080 0.587650
0.043670 0.982343 0.056903 0.124570 0.579590
0.048874 1.036652 0.068476 0.118960 0.618650
0.061542 0.923883 0.088033 0.165040 0.547850
0.032710 0.926241 0.050635 0.131710 0.539060
0.051329 0.885052 0.085633 0.170410 0.519780
0.022843 0.882359 0.051699 0.138550 0.507320
0.046742 0.861515 0.082567 0.172120 0.502200
0.005886 0.988032 0.048296 0.095280 0.573730
-0.001190 0.932092 0.041444 0.102720 0.532960
-0.007961 0.889473 0.037227 0.109130 0.501710
-0.011392 0.841014 0.035225 0.119870 0.468260
-0.013230 0.812654 0.038966 0.126950 0.449710
-0.033241 0.940810 0.044960 0.076110 0.529540
-0.029971 0.997420 0.051500 0.066470 0.570560
-0.037673 0.901144 0.039508 0.083010 0.500730
-0.039707 0.852786 0.037578 0.094060 0.467770
-0.038534 0.821506 0.039167 0.103580 0.447750
-0.040918 0.794831 0.043686 0.108950 0.430180
0.004241 1.285990 0.042360 0.044770 0.788090
0.032688 1.215565 0.050644 0.073670 0.739990
-0.015705 1.235211 0.038137 0.036680 0.746090
0.025520 1.165841 0.052796 0.076970 0.701900
-0.019538 1.178238 0.040869 0.041720 0.701420
0.018494 1.103369 0.055516 0.082460 0.656250
-0.024456 1.115114 0.045805 0.048740 0.655030
0.012327 1.044083 0.057222 0.088810 0.614500
-0.027635 1.051805 0.052329 0.057370 0.609620
0.041444 1.276986 0.055687 0.071040 0.788700
0.074764 1.268722 0.083310 0.102170 0.787350
0.067838 1.202904 0.081412 0.107790 0.737550
0.061478 1.156922 0.078719 0.110050 0.703120
0.054496 1.094314 0.073751 0.114200 0.658200
0.106340 1.265025 0.119306 0.137210 0.787480
0.120734 1.267703 0.169832 0.175780 0.790040
0.115916 1.192128 0.164069 0.177730 0.737550
0.098537 1.195562 0.114761 0.141360 0.737790
0.095660 1.148114 0.110062 0.144040 0.703610
0.089440 1.085459 0.105246 0.148320 0.660400
0.081538 1.030581 0.101511 0.152590 0.623050
0.093992 1.024809 0.143500 0.183840 0.624270
0.104005 1.077838 0.150825 0.181030 0.659910
0.111018 1.139992 0.157280 0.178710 0.701660
0.101357 1.191892 0.199975 0.200810 0.735600
0.105228 1.270167 0.207177 0.201420 0.789670
0.084057 1.272389 0.233137 0.223140 0.788820
0.082832 1.339326 0.233044 0.221680 0.835330
0.096128 1.136412 0.194951 0.203610 0.698490
0.090032 1.073825 0.185508 0.206180 0.657230
0.048881 1.340084 0.254227 0.249020 0.832400
0.047363 1.275723 0.254656 0.250000 0.787840
0.079864 1.192777 0.225837 0.223630 0.734380
0.074350 1.136007 0.218131 0.225590 0.697020
0.068766 1.072804 0.207355 0.228520 0.656010
0.082836 1.020726 0.175830 0.207890 0.622310
0.081742 0.981081 0.138073 0.187500 0.592530
-0.035391 1.382859 0.262484 0.310060 0.859130
-0.040978 1.331040 0.263364 0.313230 0.822510
0.002891 1.337492 0.265952 0.281250 0.827390
-0.000667 1.280396 0.265311 0.282470 0.787840
0.043279 1.197019 0.246881 0.250980 0.733890
-0.006634 1.204959 0.255919 0.283690 0.734860
0.038492 1.138175 0.237718 0.252440 0.695310
0.034610 1.074699 0.224788 0.254390 0.654540
0.061740 1.019014 0.197164 0.231570 0.620850
0.072934 0.979180 0.165812 0.209230 0.592040
0.055147 0.978813 0.185295 0.232300 0.591310
0.042026 0.924981 0.167578 0.232060 0.551510
-0.010208 1.144602 0.245867 0.285160 0.695310
-0.054719 1.154251 0.236039 0.319340 0.698730
-0.056131 1.090750 0.221989 0.319580 0.657230
-0.011332 1.081405 0.230369 0.286380 0.654300
-0.013670 1.024648 0.214187 0.287600 0.617430
0.030008 1.018836 0.210718 0.256100 0.617920
0.027032 0.979981 0.198106 0.255860 0.589360
-0.053221 1.031548 0.209473 0.319340 0.618900
-0.012259 0.985091 0.202513 0.287110 0.588620
-0.049040 0.990730 0.198224 0.317870 0.589360
0.018806 0.925755 0.178738 0.256100 0.549320
-0.012099 0.929508 0.184247 0.285640 0.548340
-0.043225 0.934701 0.180933 0.314700 0.548580
-0.068377 0.941853 0.164136 0.342040 0.549320
-0.076506 0.998542 0.180054 0.346190 0.590580
-0.082123 1.041948 0.190000 0.348880 0.621830
-0.064936 0.915348 0.155303 0.339600 0.530030
-0.061384 0.869996 0.144740 0.335210 0.497070
-0.077108 0.873355 0.121412 0.360110 0.495610
-0.078714 0.840011 0.118864 0.356930 0.470700
-0.079098 0.919245 0.128118 0.364500 0.528560
-0.083709 0.946811 0.135285 0.367430 0.548580
-0.093559 1.004292 0.148958 0.373290 0.589840
-0.102269 1.052291 0.157858 0.378660 0.623780
-0.104535 1.114442 0.184124 0.369380 0.667240
-0.100834 1.057914 0.118818 0.402830 0.623290
-0.113881 1.121098 0.160951 0.389400 0.669190
-0.092196 1.006598 0.116681 0.394290 0.587650
-0.083259 0.948568 0.110258 0.385010 0.546630
-0.085940 1.059931 0.088819 0.421140 0.621580
-0.077951 0.872523 0.100983 0.376460 0.492190
-0.080428 0.918779 0.106912 0.380620 0.525630
-0.077275 0.948904 0.086530 0.401610 0.544190
-0.080446 1.006959 0.089048 0.411380 0.584960
-0.059363 1.005255 0.065476 0.432860 0.580320
-0.064183 1.059324 0.065956 0.443600 0.617430
-0.075429 0.916241 0.084430 0.396730 0.521240
-0.061291 0.947423 0.061867 0.423340 0.540040
-0.079471 0.815650 0.118763 0.354250 0.452640
-0.081421 0.815819 0.095546 0.374510 0.450200
-0.093722 0.782336 0.096163 0.371830 0.425780
-0.079492 0.839760 0.097381 0.374760 0.467770
-0.070708 0.869571 0.079755 0.393070 0.487790
-0.060521 0.912018 0.058257 0.418460 0.514890
-0.033241 0.940810 0.044960 0.446780 0.532710
-0.037673 0.901144 0.039508 0.439210 0.505370
-0.059968 0.864695 0.055022 0.413330 0.481930
-0.071171 0.836621 0.076219 0.393070 0.463870
-0.075171 0.812462 0.074057 0.394040 0.445800
-0.058963 0.832209 0.054045 0.414790 0.458500
-0.060553 0.805314 0.055214 0.416750 0.439450
-0.038534 0.821506 0.039167 0.439700 0.452150
-0.040918 0.794831 0.043686 0.440920 0.432620
-0.039707 0.852786 0.037578 0.437010 0.472660
-0.046978 0.698852 0.055059 0.447510 0.356450
-0.085507 0.672942 0.053141 0.415040 0.340330
-0.079280 0.711274 0.055333 0.416990 0.368650
-0.042059 0.755893 0.053804 0.445310 0.403320
-0.067942 0.768365 0.058220 0.418460 0.412600
-0.085584 0.778453 0.073052 0.395020 0.420900
-0.109651 0.679866 0.070423 0.391360 0.347170
-0.114807 0.634910 0.065990 0.386960 0.315430
-0.127108 0.633785 0.099391 0.360840 0.317380
-0.090677 0.631543 0.049781 0.409910 0.310060
-0.124881 0.632622 0.130329 0.337890 0.319340
-0.106586 0.629755 0.162694 0.311040 0.320800
-0.125403 0.593177 0.127688 0.335450 0.290040
-0.127238 0.593943 0.097576 0.356690 0.288090
-0.117050 0.593666 0.066373 0.380130 0.285160
-0.119302 0.682046 0.130189 0.342530 0.354490
-0.089554 0.716339 0.152479 0.317380 0.383300
-0.109281 0.722197 0.127696 0.344240 0.382810
-0.072168 0.771966 0.145473 0.320800 0.426270
-0.090640 0.780920 0.122368 0.350100 0.427730
-0.065136 0.809966 0.141470 0.326900 0.453610
-0.062164 0.836304 0.140350 0.331050 0.472170
-0.121820 0.683339 0.102289 0.365230 0.352540
-0.112654 0.723535 0.100236 0.367430 0.381350
-0.100968 0.719221 0.070320 0.394290 0.375490
-0.017750 0.855957 0.166514 0.282470 0.494630
-0.043100 0.863758 0.161264 0.309330 0.496580
-0.044792 0.831082 0.155721 0.305910 0.472170
-0.013607 0.900948 0.175493 0.284670 0.527590
0.013178 0.895846 0.166589 0.256350 0.527100
-0.042126 0.908215 0.172249 0.312500 0.529050
0.034143 0.893907 0.153046 0.231320 0.528080
0.055531 0.925013 0.150894 0.212650 0.552490
0.044753 0.892124 0.140643 0.215700 0.528080
0.065062 0.925461 0.127944 0.192260 0.552730
-0.150572 1.494805 0.159008 0.414790 0.931880
-0.173924 1.463546 0.131491 0.435790 0.913940
-0.161679 1.464840 0.162766 0.417240 0.912720
-0.052615 1.525157 0.217860 0.335940 0.964690
-0.082869 1.531097 0.196311 0.363770 0.966280
-0.088601 1.511181 0.204785 0.364500 0.949010
-0.116609 1.515494 0.180539 0.389650 0.949620
-0.127889 1.492315 0.187886 0.391360 0.932010
-0.136087 1.464478 0.194936 0.393310 0.914060
-0.141686 1.425325 0.199790 0.395750 0.888550
-0.167087 1.423569 0.164582 0.419680 0.889220
-0.178184 1.421853 0.130410 0.438960 0.890260
-0.179404 1.421710 0.092587 0.461670 0.893310
-0.173284 1.387336 0.129720 0.441650 0.873290
-0.163731 1.388871 0.165725 0.421630 0.872310
-0.140642 1.395773 0.201401 0.397220 0.871580
-0.108099 1.425912 0.228100 0.369630 0.888730
-0.103351 1.462156 0.219898 0.367680 0.912600
-0.096236 1.488233 0.212535 0.365720 0.931340
-0.108337 1.394115 0.231662 0.371580 0.868650
-0.136924 1.375113 0.202633 0.398440 0.860350
-0.156264 1.361924 0.166514 0.422850 0.857300
-0.161968 1.357643 0.129818 0.443850 0.857180
-0.172975 1.387147 0.090941 0.464360 0.875370
-0.106626 1.360603 0.230127 0.373780 0.848140
-0.131784 1.348066 0.200730 0.400390 0.844240
-0.144536 1.335796 0.168527 0.423340 0.841190
-0.103924 1.336773 0.228411 0.376460 0.831540
-0.126805 1.325674 0.197375 0.400630 0.827760
-0.102571 1.316498 0.226154 0.377440 0.816770
-0.125123 1.310043 0.193340 0.402100 0.815190
-0.136721 1.319031 0.166631 0.423340 0.823850
-0.146758 1.334978 0.131147 0.445800 0.839110
-0.157380 1.356163 0.089595 0.467770 0.856690
-0.161485 1.391285 0.055410 0.487300 0.877260
-0.124627 1.312934 0.133364 0.444820 0.812010
-0.131870 1.317866 0.133593 0.445800 0.820560
-0.118645 1.246938 0.131564 0.432370 0.760130
-0.123018 1.301715 0.132974 0.443120 0.802490
-0.105540 1.308604 0.092259 0.477540 0.799800
-0.107846 1.318587 0.092837 0.479250 0.809330
-0.121349 1.321607 0.092422 0.477290 0.818240
-0.140725 1.334591 0.089461 0.472170 0.836670
-0.146983 1.362118 0.055647 0.491210 0.857670
-0.076478 1.298047 0.061232 0.505860 0.784670
-0.080966 1.319560 0.062223 0.510250 0.797120
-0.072762 1.253231 0.059853 0.492680 0.750120
-0.100064 1.254184 0.088887 0.468020 0.757450
-0.052527 1.295014 0.051475 0.517580 0.777950
-0.051944 1.316551 0.049467 0.522950 0.790280
-0.052635 1.326060 0.049198 0.527830 0.796390
-0.084655 1.326597 0.061806 0.508790 0.807620
-0.100452 1.331497 0.060402 0.505370 0.815920
-0.122085 1.341262 0.057554 0.496580 0.836670
-0.136201 1.369933 0.037407 0.507810 0.859010
-0.108259 1.352554 0.039226 0.513670 0.838990
-0.078646 1.339578 0.043898 0.521970 0.819090
-0.053956 1.334296 0.047848 0.533200 0.802490
-0.021241 1.325036 0.042848 0.544920 0.786740
-0.022605 1.312117 0.042533 0.541990 0.780640
-0.103853 1.360627 0.033049 0.521970 0.841800
-0.071892 1.353132 0.034180 0.534180 0.825320
-0.043225 1.344905 0.037599 0.541500 0.810790
-0.019645 1.336525 0.038551 0.550780 0.795650
-0.021144 1.331746 0.043360 0.547360 0.790890
-0.024463 1.291696 0.041813 0.537600 0.768430
-0.015705 1.235211 0.038137 0.530270 0.725100
-0.069203 1.192919 0.061396 0.475340 0.704830
-0.097259 1.195301 0.086428 0.451420 0.711180
-0.067455 1.128730 0.064483 0.459720 0.662110
-0.024456 1.115114 0.045805 0.493160 0.645750
-0.027635 1.051805 0.052329 0.473630 0.606200
-0.019538 1.178238 0.040869 0.512210 0.686280
-0.029971 0.997420 0.051500 0.459470 0.570560
-0.094052 1.131537 0.087391 0.436520 0.668210
-0.114541 1.190550 0.126363 0.421390 0.714360
-0.110991 1.128458 0.121890 0.411870 0.670410
-0.119967 1.182510 0.163922 0.398190 0.712650
-0.125393 1.237010 0.170608 0.406010 0.756840
-0.130832 1.296261 0.167144 0.420170 0.802000
-0.107461 1.176790 0.193881 0.372800 0.709960
-0.106605 1.229990 0.206999 0.375240 0.750980
-0.103232 1.290243 0.221898 0.376220 0.798220
-0.124738 1.293219 0.189503 0.402590 0.801270
-0.081695 1.223361 0.231171 0.346190 0.745360
-0.084896 1.164613 0.219110 0.346440 0.703610
-0.085265 1.101823 0.203529 0.347170 0.661620
-0.052617 1.215497 0.247231 0.318600 0.739750
-0.075763 1.288102 0.246478 0.345700 0.794430
-0.073957 1.324506 0.249998 0.343020 0.819210
-0.046431 1.284646 0.259102 0.315670 0.790280
-0.074342 1.349110 0.251329 0.341550 0.836180
-0.073755 1.373729 0.251783 0.338130 0.855100
-0.070569 1.426126 0.247173 0.337160 0.888850
-0.062343 1.481835 0.233214 0.335940 0.931030
-0.058848 1.504810 0.225162 0.335940 0.949160
-0.064910 1.459890 0.240271 0.335690 0.913820
-0.031009 1.427702 0.257683 0.307620 0.891850
0.006134 1.389697 0.262832 0.280030 0.864990
0.048787 1.392245 0.251834 0.248410 0.869630
0.008081 1.433488 0.255726 0.278810 0.897340
-0.027789 1.460310 0.250410 0.306880 0.917110
-0.025644 1.486224 0.241435 0.307370 0.937650
0.046582 1.436307 0.246497 0.249880 0.901920
0.008023 1.473579 0.245294 0.280030 0.928770
0.007429 1.517091 0.231498 0.283450 0.963170
-0.025040 1.520448 0.230062 0.310060 0.963810
0.042937 1.475181 0.238002 0.251710 0.931640
0.040139 1.511630 0.225556 0.252930 0.960020
-0.023779 1.550655 0.217429 0.313480 0.986730
0.006103 1.543827 0.220603 0.284420 0.983020
0.038500 1.537856 0.219741 0.252930 0.978730
0.068086 1.504926 0.212911 0.226070 0.955780
0.091064 1.507393 0.182190 0.194820 0.962040
0.066407 1.525845 0.208179 0.224370 0.971880
-0.101747 1.557474 0.141030 0.407230 0.993660
-0.105341 1.535488 0.171679 0.388180 0.968230
-0.082533 1.554995 0.177165 0.373050 0.990930
-0.059907 1.552863 0.199546 0.345210 0.989080
-0.120515 1.526025 0.042389 0.495120 0.973330
-0.101706 1.552836 0.028750 0.501950 0.995910
-0.117006 1.523653 0.028210 0.505860 0.974170
-0.109833 1.552955 0.058311 0.480710 0.994200
-0.124451 1.530164 0.058332 0.482180 0.973420
-0.110781 1.555061 0.084848 0.458250 0.994850
-0.127507 1.537005 0.088024 0.458250 0.973050
-0.125677 1.540086 0.120805 0.432130 0.972120
-0.108006 1.556935 0.113978 0.432620 0.995020
-0.118703 1.538639 0.147998 0.409910 0.970540
-0.077275 0.951457 -0.051345 0.401610 0.544190
-0.083259 0.951999 -0.075070 0.385010 0.546630
-0.080428 0.922107 -0.072829 0.380620 0.525630
-0.075429 0.918737 -0.050455 0.396730 0.521240
-0.077951 0.875662 -0.068616 0.376460 0.492190
-0.070708 0.871927 -0.047511 0.393070 0.487790
-0.079492 0.842789 -0.066229 0.374760 0.467770
-0.071171 0.838869 -0.045198 0.393070 0.463870
-0.081421 0.818797 -0.065282 0.374510 0.450200
-0.075171 0.814647 -0.043931 0.394040 0.445800
-0.059968 0.866139 -0.022976 0.413330 0.481930
-0.060521 0.913548 -0.024457 0.418460 0.514890
-0.061291 0.949064 -0.026754 0.423340 0.540040
-0.083709 0.951170 -0.100145 0.367430 0.548580
-0.079098 0.923357 -0.094002 0.364500 0.528560
-0.078714 0.843835 -0.087688 0.356930 0.470700
-0.077108 0.877251 -0.089000 0.360110 0.495610
-0.061384 0.874757 -0.112437 0.335210 0.497070
-0.064936 0.920468 -0.121313 0.339600 0.530030
-0.068377 0.947283 -0.129159 0.342040 0.549320
-0.076506 1.004523 -0.142968 0.346190 0.590580
-0.082123 1.048267 -0.151300 0.348880 0.621830
-0.043225 0.940758 -0.146209 0.314700 0.548580
-0.042126 0.913969 -0.138512 0.312500 0.529050
-0.049040 0.997389 -0.161414 0.317870 0.589360
-0.053221 1.038595 -0.171145 0.319340 0.618900
-0.056131 1.098219 -0.181461 0.319580 0.657230
-0.085265 1.108602 -0.162604 0.347170 0.661620
-0.054719 1.162198 -0.193151 0.319340 0.698730
-0.010208 1.152918 -0.203330 0.285160 0.695310
-0.012099 0.935691 -0.149714 0.285640 0.548340
-0.012259 0.991912 -0.165910 0.287110 0.588620
0.027032 0.986641 -0.161694 0.255860 0.589360
-0.013670 1.031873 -0.176111 0.287600 0.617430
-0.011332 1.089191 -0.190181 0.286380 0.654300
0.038492 1.146194 -0.195424 0.252440 0.695310
0.034610 1.082283 -0.184852 0.254390 0.654540
0.030008 1.025938 -0.172860 0.256100 0.617920
0.068766 1.079744 -0.167501 0.228520 0.656010
0.061740 1.025614 -0.159309 0.231570 0.620850
0.055147 0.985001 -0.148936 0.232300 0.591310
0.018806 0.931737 -0.144347 0.256100 0.549320
0.074350 1.143303 -0.175930 0.225590 0.697020
0.096129 1.142850 -0.152751 0.203610 0.698490
0.090032 1.079956 -0.145631 0.206180 0.657230
0.082836 1.026535 -0.137926 0.207890 0.622310
0.072934 0.984647 -0.129452 0.209230 0.592040
0.042026 0.930550 -0.133223 0.232060 0.551510
0.034143 0.898960 -0.119852 0.231320 0.528080
0.013178 0.901398 -0.133314 0.256350 0.527100
-0.013607 0.906826 -0.142023 0.284670 0.527590
-0.017750 0.861534 -0.134715 0.282470 0.494630
0.104005 1.082682 -0.110824 0.181030 0.659910
0.093992 1.029419 -0.105467 0.183840 0.624270
0.081742 0.985520 -0.101662 0.187500 0.592530
0.055531 0.929965 -0.116550 0.212650 0.552490
0.044753 0.896718 -0.107523 0.215700 0.528080
0.039527 0.872882 -0.110897 0.222900 0.510500
0.002282 0.792306 -0.115164 0.251220 0.446290
0.003907 0.819954 -0.117904 0.254880 0.466800
0.035966 0.812448 -0.103565 0.225710 0.464840
0.040249 0.848804 -0.106540 0.223880 0.492680
0.054593 0.845263 -0.082256 0.198610 0.491700
0.054605 0.869376 -0.084902 0.197020 0.509520
0.056869 0.894338 -0.087583 0.195310 0.527590
0.065062 0.929563 -0.093598 0.192260 0.552730
0.009046 0.854029 -0.120902 0.254150 0.492680
0.081538 1.033632 -0.063293 0.152590 0.623050
0.075235 0.983125 -0.057914 0.158080 0.587650
0.061542 0.926508 -0.053773 0.165040 0.547850
0.051329 0.887616 -0.052813 0.170410 0.519780
0.046742 0.863981 -0.050620 0.172120 0.502200
0.045076 0.840973 -0.050353 0.173950 0.484860
0.048874 1.038476 -0.030055 0.118960 0.618650
0.043670 0.983776 -0.020501 0.124570 0.579590
0.032710 0.927480 -0.016314 0.131710 0.539060
0.022843 0.883668 -0.019001 0.138550 0.507320
0.016735 0.838962 -0.026376 0.147460 0.475590
0.040570 0.811606 -0.051363 0.176510 0.461910
0.005886 0.989143 -0.011689 0.095280 0.573730
-0.001190 0.932987 -0.006912 0.102720 0.532960
-0.007961 0.890242 -0.004276 0.109130 0.501710
-0.011392 0.841742 -0.004069 0.119870 0.468260
-0.013230 0.813539 -0.008858 0.126950 0.449710
-0.038534 0.822393 -0.008731 0.103580 0.447750
-0.040918 0.795904 -0.014234 0.108950 0.430180
-0.012615 0.788149 -0.015844 0.134520 0.433590
-0.042059 0.757366 -0.025786 0.118160 0.405760
-0.039707 0.853592 -0.005985 0.094060 0.467770
-0.037673 0.901989 -0.006124 0.083010 0.500730
-0.033241 0.941829 -0.010103 0.076110 0.529540
-0.029971 0.998642 -0.014543 0.066470 0.570560
-0.027635 1.053020 -0.013358 0.057370 0.609620
0.012327 1.045485 -0.018535 0.088810 0.614500
-0.024456 1.116045 -0.004496 0.048740 0.655030
0.018494 1.104667 -0.014634 0.082460 0.656250
-0.019538 1.178944 0.002774 0.041720 0.701420
0.025520 1.166997 -0.009604 0.076970 0.701900
-0.015705 1.235776 0.007612 0.036680 0.746090
0.032688 1.216606 -0.005613 0.073670 0.739990
0.067838 1.205093 -0.036828 0.107790 0.737550
0.061478 1.159043 -0.035839 0.110050 0.703120
0.054496 1.096294 -0.033193 0.114200 0.658200
0.115916 1.197384 -0.119828 0.177730 0.737550
0.106340 1.268575 -0.072397 0.137210 0.787480
0.098537 1.198990 -0.070427 0.141360 0.737790
0.095660 1.151402 -0.067487 0.144040 0.703610
0.089440 1.088611 -0.064993 0.148320 0.660400
0.101357 1.198478 -0.155718 0.200810 0.735600
0.079864 1.200319 -0.181529 0.223630 0.734380
0.111018 1.145033 -0.114973 0.178710 0.701660
-0.006634 1.213606 -0.211139 0.283690 0.734860
0.043279 1.205336 -0.202402 0.250980 0.733890
0.085928 0.021512 0.078549 0.700680 0.058110
0.086579 0.038028 0.078151 0.705570 0.057130
0.100646 0.028139 0.081022 0.706540 0.047360
0.083619 0.025179 -0.098377 0.679200 0.062500
0.089745 0.032378 -0.098178 0.681640 0.056640
0.083392 0.037010 -0.097051 0.681640 0.060550
0.084847 0.025208 -0.094808 0.685060 0.062010
0.083329 0.037858 -0.095475 0.682620 0.060550
0.091721 0.034786 -0.096554 0.682620 0.055180
0.069253 0.066993 -0.083737 0.499760 0.084960
0.077096 0.057632 -0.084931 0.497310 0.074710
0.075896 0.055174 -0.091480 0.507320 0.074220
0.069718 0.061760 -0.094573 0.514650 0.082030
0.076679 0.052394 -0.095853 0.514160 0.072270
0.073185 0.054533 -0.099336 0.520510 0.075200
0.079434 0.048903 -0.099955 0.521970 0.067870
0.077868 0.050594 -0.105471 0.528320 0.068850
0.084010 0.047219 -0.106140 0.528810 0.062990
0.088243 0.042682 -0.101050 0.522460 0.059080
0.083392 0.037010 -0.097051 0.514650 0.060060
0.083329 0.037858 -0.095475 0.513180 0.060060
0.083482 0.049333 -0.092175 0.505860 0.064940
0.084701 0.052611 -0.086546 0.497560 0.065920
0.078298 0.056119 -0.078693 0.487550 0.072750
0.089745 0.032378 -0.098178 0.515140 0.054200
0.071590 0.063466 -0.059915 0.470950 0.084470
0.065230 0.055637 -0.046983 0.457280 0.084470
0.075257 0.050021 -0.050104 0.451900 0.073730
0.078827 0.056421 -0.062885 0.465580 0.073730
0.071096 0.063234 -0.070991 0.483400 0.082520
0.080266 0.052855 -0.073424 0.476070 0.068850
0.086560 0.049855 -0.079956 0.488040 0.062990
0.098619 0.046630 -0.088870 0.498290 0.052730
0.095418 0.043933 -0.094601 0.504880 0.052730
0.091721 0.034786 -0.096554 0.513180 0.052250
0.086579 0.040895 -0.076690 0.480710 0.058590
0.101356 0.041342 -0.082387 0.489990 0.048830
0.100646 0.031119 -0.079925 0.481200 0.044430
0.084653 0.047571 -0.053287 0.449460 0.064450
0.085993 0.050716 -0.066541 0.462650 0.063960
0.085731 0.041010 -0.074059 0.472660 0.057130
0.085928 0.024405 -0.077699 0.480220 0.052730
0.085705 0.024055 -0.074468 0.476560 0.047850
0.096097 0.032622 -0.077448 0.470210 0.046880
0.097407 0.044162 -0.069632 0.458740 0.054690
0.090361 0.046157 -0.054943 0.447510 0.060550
0.084351 0.043537 -0.050946 0.444340 0.063480
0.073577 0.040756 -0.045578 0.442140 0.071780
0.063903 0.044016 -0.041043 0.446290 0.082520
-0.054970 0.126927 -0.049574 0.432860 0.196290
-0.037379 0.113191 -0.053955 0.442380 0.165530
-0.029916 0.152455 -0.046704 0.463130 0.187990
0.004395 0.098116 -0.044243 0.463870 0.140140
-0.004049 0.084114 -0.050831 0.445070 0.137700
0.026995 0.045967 -0.041924 0.444340 0.109860
0.042088 0.062346 -0.038972 0.453370 0.104490
0.053134 0.045369 -0.039304 0.444090 0.090820
0.055492 0.067613 -0.044821 0.464360 0.098140
-0.013148 0.154433 -0.048948 0.481930 0.180660
0.060046 0.079538 -0.062555 0.485600 0.102050
0.037234 0.083090 -0.046796 0.476810 0.122070
0.010665 0.121251 -0.047162 0.479980 0.147460
0.069624 0.049724 -0.110947 0.536620 0.073240
0.071115 0.054986 -0.105017 0.528320 0.075680
0.064621 0.062171 -0.103361 0.527340 0.083980
0.053635 0.075672 -0.097315 0.521970 0.100100
0.058256 0.081654 -0.082401 0.504880 0.102540
0.042783 0.102755 -0.061846 0.494630 0.130860
0.061871 0.054540 -0.113623 0.541020 0.080080
0.046444 0.069909 -0.109662 0.538090 0.099120
0.026470 0.092408 -0.105936 0.532230 0.125980
0.039721 0.105169 -0.082523 0.511230 0.131350
0.023720 0.138353 -0.061729 0.497800 0.151860
0.018353 0.138760 -0.084298 0.513670 0.152830
0.008074 0.132898 -0.102620 0.533200 0.152340
-0.006761 0.119640 -0.115796 0.554200 0.148930
0.017014 0.079871 -0.121785 0.553220 0.118650
0.041566 0.061099 -0.123858 0.556640 0.093260
0.055360 0.052840 -0.121052 0.551760 0.082030
0.025778 0.049219 -0.136247 0.574710 0.096680
0.047767 0.050574 -0.129105 0.563960 0.083500
0.052587 0.049244 -0.126351 0.559570 0.080570
0.061098 0.048586 -0.122258 0.552730 0.076660
0.067344 0.046882 -0.118092 0.547360 0.072270
0.072005 0.041653 -0.114383 0.542480 0.067380
0.076760 0.045583 -0.111274 0.536130 0.066410
0.006033 0.067886 -0.130679 0.569340 0.120120
-0.017951 0.106351 -0.123438 0.570800 0.147460
0.002200 0.057788 -0.133995 0.577640 0.116210
-0.021416 0.087488 -0.126610 0.581050 0.141600
-0.052321 0.124944 -0.117789 0.584470 0.175290
-0.047508 0.151359 -0.113577 0.573730 0.190430
-0.079861 0.146861 -0.113284 0.596190 0.205570
-0.079032 0.166734 -0.110149 0.587400 0.212890
-0.099938 0.159410 -0.106394 0.605960 0.229490
-0.025909 0.156476 -0.110884 0.553710 0.181150
-0.115222 0.181689 -0.085276 0.604000 0.254880
-0.104224 0.200464 -0.083957 0.589360 0.263670
-0.088061 0.198266 -0.097714 0.581050 0.247070
-0.098681 0.174922 -0.102712 0.597170 0.235840
-0.075059 0.197576 -0.107844 0.570800 0.232910
-0.057313 0.195711 -0.112415 0.561040 0.222170
-0.036635 0.193113 -0.109047 0.546880 0.211910
-0.017184 0.195159 -0.096956 0.527830 0.204100
-0.007262 0.163466 -0.101357 0.531740 0.179200
0.007325 0.167816 -0.063066 0.500980 0.178710
0.001783 0.166562 -0.084799 0.515140 0.178710
-0.006342 0.196947 -0.081193 0.515620 0.202640
-0.003234 0.197338 -0.064359 0.506350 0.204100
-0.017628 0.191556 -0.051046 0.494140 0.208500
-0.035682 0.187047 -0.046573 0.479740 0.214840
-0.055894 0.168643 -0.047767 0.450200 0.211910
-0.057042 0.190780 -0.047692 0.466550 0.228030
-0.012031 0.287597 -0.081959 0.208620 0.092770
-0.014694 0.288463 -0.066098 0.193360 0.093260
-0.014292 0.247938 -0.062663 0.192870 0.060550
-0.011227 0.356251 -0.085558 0.209110 0.136230
-0.013898 0.358032 -0.068970 0.192630 0.137210
-0.010365 0.443764 -0.070637 0.191650 0.191410
-0.006325 0.441947 -0.090064 0.209470 0.190430
-0.019282 0.355608 -0.097508 0.223630 0.134770
-0.019882 0.287368 -0.092717 0.222530 0.091310
0.001164 0.526894 -0.089016 0.209720 0.251950
-0.010245 0.526684 -0.109127 0.227290 0.250980
-0.015741 0.441359 -0.105754 0.225220 0.188960
-0.031113 0.355843 -0.106897 0.239750 0.133790
-0.031701 0.286896 -0.101576 0.238890 0.089840
-0.001709 0.613329 -0.111705 0.226560 0.314450
0.009863 0.611522 -0.090527 0.209230 0.313960
-0.018988 0.616491 -0.128635 0.242800 0.314940
-0.026580 0.528625 -0.125209 0.243770 0.250490
-0.029382 0.441696 -0.117843 0.241460 0.187990
-0.042940 0.356838 -0.112681 0.254150 0.133300
-0.045034 0.286975 -0.105686 0.251220 0.088870
-0.046528 0.531737 -0.139008 0.260990 0.250980
-0.041796 0.622331 -0.144299 0.261230 0.317380
-0.044931 0.442875 -0.126877 0.257570 0.187010
-0.061836 0.364345 -0.111414 0.277100 0.136230
-0.058579 0.289853 -0.103765 0.272710 0.090330
-0.049045 0.248143 -0.110371 0.253170 0.058110
-0.062928 0.250114 -0.107487 0.270510 0.059570
-0.068423 0.219107 -0.112785 0.270750 0.036620
-0.034365 0.245687 -0.103472 0.237060 0.057130
-0.078861 0.541298 -0.145029 0.285160 0.254390
-0.079513 0.586235 -0.150614 0.287110 0.287600
-0.103718 0.550792 -0.133710 0.306640 0.258790
-0.069340 0.450631 -0.129317 0.281010 0.189450
-0.071516 0.292798 -0.095601 0.292480 0.091310
-0.077085 0.369666 -0.104242 0.297360 0.137700
-0.088053 0.453990 -0.119115 0.301760 0.190430
-0.101261 0.456128 -0.098549 0.324710 0.189450
-0.119903 0.557457 -0.101728 0.333010 0.260740
-0.120753 0.557365 -0.076738 0.352540 0.258790
-0.127238 0.597148 -0.075523 0.356690 0.288090
-0.117050 0.595716 -0.044352 0.380130 0.285160
-0.082691 0.293783 -0.086445 0.311770 0.090330
-0.088710 0.371613 -0.091184 0.318120 0.136720
-0.111785 0.554639 -0.049352 0.373540 0.254880
-0.091104 0.550917 -0.034946 0.395510 0.250000
-0.092939 0.591752 -0.029542 0.402590 0.280270
-0.102473 0.456168 -0.079855 0.341550 0.186520
-0.090195 0.369762 -0.078274 0.333250 0.133790
-0.084993 0.293511 -0.075663 0.325680 0.087400
-0.084940 0.256824 -0.085361 0.309080 0.060550
-0.084329 0.368004 -0.066538 0.348880 0.131350
-0.095857 0.454099 -0.061654 0.358890 0.183590
-0.078585 0.291542 -0.065965 0.340090 0.084960
-0.071585 0.366088 -0.059828 0.365230 0.128420
-0.080217 0.451889 -0.049777 0.377930 0.180660
-0.087166 0.257221 -0.073055 0.321040 0.059080
-0.080459 0.254646 -0.063398 0.333500 0.056640
-0.067054 0.289242 -0.061633 0.354250 0.082030
-0.046382 0.289146 -0.054776 0.374760 0.077150
-0.049270 0.363115 -0.054753 0.386960 0.122070
-0.053237 0.448929 -0.048121 0.402100 0.173830
-0.055800 0.543542 -0.040412 0.423100 0.239260
-0.090677 0.632954 -0.026370 0.409910 0.310060
-0.052200 0.626512 -0.031761 0.440190 0.299800
-0.114807 0.636918 -0.042443 0.386960 0.315430
-0.085507 0.674447 -0.028195 0.415040 0.340330
-0.046978 0.700411 -0.029152 0.447510 0.356450
-0.079280 0.712834 -0.028966 0.416990 0.368650
-0.042059 0.757366 -0.025786 0.445310 0.403320
-0.067942 0.769993 -0.029737 0.418460 0.412600
-0.040918 0.795904 -0.014234 0.440920 0.432620
-0.060553 0.806806 -0.025366 0.416750 0.439450
-0.109651 0.682007 -0.045209 0.391360 0.347170
-0.100968 0.721332 -0.043649 0.394290 0.375490
-0.085584 0.780624 -0.044186 0.395020 0.420900
-0.058963 0.833638 -0.023202 0.414790 0.458500
-0.038534 0.822393 -0.008731 0.439700 0.452150
-0.039707 0.853592 -0.005985 0.437010 0.472660
-0.037673 0.901989 -0.006124 0.439210 0.505370
-0.033241 0.941829 -0.010103 0.446780 0.532710
-0.029971 0.998642 -0.014543 0.459470 0.570560
-0.027635 1.053020 -0.013358 0.473630 0.606200
-0.064183 1.061039 -0.026698 0.443600 0.617430
-0.067455 1.130343 -0.022656 0.459720 0.662110
-0.069203 1.194374 -0.017196 0.475340 0.704830
-0.072762 1.254587 -0.013421 0.492680 0.750120
-0.052527 1.296032 -0.003502 0.517580 0.777950
-0.076478 1.299424 -0.013141 0.505860 0.784670
-0.015705 1.235776 0.007612 0.530270 0.725100
-0.019538 1.178944 0.002774 0.512210 0.686280
-0.024456 1.116045 -0.004496 0.493160 0.645750
-0.024463 1.292359 0.006030 0.537600 0.768430
-0.022605 1.312793 0.006067 0.541990 0.780640
-0.043100 0.869135 -0.129180 0.309330 0.496580
-0.062164 0.840926 -0.109297 0.331050 0.472170
-0.044792 0.836276 -0.124851 0.305910 0.472170
-0.065136 0.814648 -0.111391 0.326900 0.453610
-0.046338 0.809221 -0.124575 0.301760 0.452640
-0.072168 0.776822 -0.116798 0.320800 0.426270
-0.051038 0.769356 -0.125363 0.296390 0.424320
-0.089553 0.721492 -0.125858 0.317380 0.383300
-0.061655 0.715015 -0.137054 0.292240 0.382320
-0.100203 0.681228 -0.134858 0.314700 0.353520
-0.124881 0.637013 -0.106822 0.337890 0.319340
-0.119302 0.686398 -0.104853 0.342530 0.354490
-0.109281 0.726429 -0.100875 0.344240 0.382810
-0.090640 0.784914 -0.093377 0.350100 0.427730
-0.079471 0.819488 -0.088489 0.354250 0.452640
-0.093722 0.785359 -0.067137 0.371830 0.425780
-0.112654 0.726750 -0.073384 0.367430 0.381350
-0.121820 0.686657 -0.076924 0.365230 0.352540
-0.127108 0.637029 -0.075863 0.360840 0.317380
-0.125403 0.597497 -0.105643 0.335450 0.290040
-0.106586 0.635346 -0.139271 0.311040 0.320800
-0.069922 0.675046 -0.146566 0.290530 0.352050
-0.077598 0.631258 -0.152070 0.289060 0.320310
-0.108219 0.593140 -0.137723 0.308840 0.290040
-0.032311 0.706087 -0.133372 0.265380 0.379880
0.052344 0.809207 -0.079154 0.200070 0.463870
0.029942 0.786709 -0.101709 0.226200 0.444340
-0.003564 0.758268 -0.114259 0.250730 0.421880
-0.024685 0.763615 -0.121807 0.270510 0.423830
0.045330 0.783439 -0.078460 0.201290 0.442870
0.020752 0.752826 -0.099554 0.225950 0.419920
-0.012365 0.701028 -0.122992 0.247560 0.377440
0.034532 0.749786 -0.081658 0.203250 0.418460
0.015401 0.813043 -0.029914 0.153080 0.457030
0.014417 0.788550 -0.034067 0.157840 0.439940
0.035123 0.786710 -0.052835 0.178590 0.442380
0.013285 0.753173 -0.045238 0.166020 0.415530
0.025242 0.752433 -0.057462 0.180540 0.417480
0.010674 0.697403 -0.062607 0.181640 0.375000
0.020157 0.696054 -0.086278 0.205080 0.376460
0.008077 0.698064 -0.105965 0.226200 0.377440
-0.014883 0.751671 -0.030801 0.142820 0.408690
-0.046978 0.700411 -0.029152 0.127810 0.366210
-0.020087 0.695673 -0.041494 0.152950 0.368160
-0.052200 0.626512 -0.031761 0.136110 0.315430
-0.025754 0.620253 -0.044545 0.161250 0.314940
-0.028180 0.536702 -0.049865 0.165890 0.255370
0.002227 0.614803 -0.066106 0.188840 0.314940
-0.004149 0.530627 -0.066857 0.190550 0.253910
-0.030824 0.445743 -0.053858 0.169680 0.190920
-0.075059 0.197576 -0.107844 0.272710 0.020020
-0.052245 0.217172 -0.116259 0.254640 0.034180
-0.057313 0.195711 -0.112415 0.258300 0.016110
-0.036152 0.216276 -0.107825 0.238650 0.031740
-0.036635 0.193113 -0.109047 0.240970 0.012210
-0.017184 0.195159 -0.096956 0.220460 0.011720
-0.019775 0.216233 -0.096825 0.219970 0.031250
-0.006342 0.196947 -0.081193 0.207400 0.012210
-0.010211 0.217421 -0.082762 0.207280 0.032230
-0.003234 0.197338 -0.064359 0.197020 0.012700
-0.017628 0.191556 -0.051046 0.183350 0.012210
-0.007430 0.218454 -0.068603 0.197270 0.033200
-0.011361 0.248125 -0.081523 0.207640 0.059080
-0.020597 0.247272 -0.093262 0.221310 0.057620
-0.019263 0.215348 -0.057314 0.185670 0.034180
-0.035682 0.187047 -0.046573 0.167720 0.013180
-0.057042 0.190780 -0.047692 0.151250 0.018550
-0.052559 0.216017 -0.042969 0.155880 0.039550
-0.031007 0.246565 -0.051802 0.175170 0.062500
-0.032808 0.214695 -0.044346 0.172490 0.036130
-0.030648 0.288169 -0.056450 0.175170 0.092770
-0.031134 0.360017 -0.057847 0.172730 0.137210
-0.047592 0.247997 -0.049560 0.159550 0.064450
-0.046382 0.289146 -0.054776 0.159420 0.092770
-0.049270 0.363115 -0.054753 0.154910 0.138180
-0.053237 0.448929 -0.048121 0.149540 0.190430
-0.055800 0.543542 -0.040412 0.142330 0.256840
0.091721 0.031188 0.097775 0.682620 0.055180
0.083329 0.034298 0.096810 0.682620 0.060550
0.084847 0.021682 0.095676 0.685060 0.062010
0.083392 0.033392 0.098354 0.681640 0.060550
0.083619 0.021521 0.099241 0.679200 0.062500
0.089745 0.028722 0.099310 0.681640 0.056640
0.004810 1.307890 0.006292 0.042020 0.803830
0.004241 1.286677 0.005272 0.044770 0.788090
0.041444 1.278172 -0.008378 0.071040 0.788700
0.074764 1.270936 -0.036289 0.102170 0.787350
-0.024463 1.292359 0.006030 0.026470 0.788940
-0.057042 0.188883 0.054721 0.151250 0.018550
-0.092000 0.153099 -0.048467 0.640140 0.285160
-0.054970 0.126927 -0.049574 0.662110 0.320310
-0.055894 0.168643 -0.047767 0.638180 0.322750
-0.086763 0.179192 -0.053635 0.621090 0.290040
-0.057042 0.190780 -0.047692 0.614750 0.324710
-0.082598 0.196552 -0.056150 0.605470 0.298340
-0.109060 0.184469 -0.064121 0.611820 0.273440
-0.101727 0.200807 -0.064846 0.597170 0.279790
-0.105769 0.200956 -0.072604 0.593260 0.271480
-0.115587 0.184537 -0.072121 0.607910 0.264160
-0.120283 0.165934 -0.087847 0.614750 0.247070
-0.122148 0.166364 -0.072019 0.621090 0.258790
-0.113549 0.163022 -0.059296 0.628420 0.270510
-0.020912 0.829225 -0.130512 0.280030 0.470700
-0.021964 0.801449 -0.127348 0.275630 0.450200
0.100433 1.330098 0.116853 0.128050 0.833250
0.077721 1.326617 0.085124 0.097900 0.829100
0.048466 1.315773 0.060934 0.071170 0.818120
0.090329 1.383301 0.100221 0.111690 0.871950
0.102890 1.404635 0.129734 0.138790 0.886290
0.109042 1.372705 0.140015 0.147580 0.863530
0.097678 1.357023 0.113889 0.123470 0.852290
0.073009 1.356945 0.080298 0.090880 0.851680
0.051989 1.337194 0.062738 0.071470 0.834230
0.030763 1.310555 0.051217 0.057530 0.812380
0.004810 1.307226 0.042126 0.042020 0.803830
0.026912 1.324935 0.050174 0.051910 0.821530
0.071289 1.360120 0.075884 0.087710 0.854740
0.088174 1.387244 0.093620 0.106930 0.875060
0.049874 1.338916 0.059347 0.067750 0.837400
0.026058 1.325766 0.048550 0.048860 0.824950
0.004773 1.322553 0.044406 0.037840 0.812620
-0.022605 1.312117 0.042533 0.027080 0.800780
-0.024463 1.291696 0.041813 0.026470 0.788940
-0.021241 1.325036 0.042848 0.027150 0.801510
0.004567 1.325284 0.043810 0.036160 0.815060
0.004105 1.326951 0.039436 0.033480 0.815800
-0.021144 1.331746 0.043360 0.024150 0.801510
-0.019645 1.336525 0.038551 0.020030 0.802490
0.026441 1.326256 0.041181 0.044280 0.828000
0.050638 1.336134 0.046345 0.059050 0.841430
0.068864 1.353478 0.056143 0.073240 0.856080
0.084935 1.379649 0.071047 0.090090 0.874630
0.099074 1.419155 0.099175 0.116880 0.900210
0.100436 1.424557 0.119125 0.132080 0.901250
0.103299 1.452028 0.118837 0.136600 0.924320
0.097028 1.433008 0.203978 0.198490 0.902400
0.109399 1.424587 0.164465 0.169920 0.898500
0.094285 1.458192 0.200081 0.199710 0.920590
0.105018 1.459125 0.161689 0.171510 0.927060
0.091383 1.489314 0.187607 0.196290 0.946900
0.102950 1.472323 0.158351 0.171510 0.936770
0.103711 1.446798 0.135297 0.148320 0.916810
0.101169 1.416734 0.123660 0.134640 0.894840
0.105737 1.441709 0.143368 0.154420 0.911990
0.070740 1.471098 0.223611 0.226440 0.929500
0.075159 1.435976 0.229578 0.224370 0.903560
0.100973 1.388369 0.207443 0.197270 0.871950
0.113735 1.383617 0.166631 0.169070 0.870120
0.104688 1.337412 0.207984 0.198490 0.836790
0.080689 1.391230 0.233115 0.221560 0.871830
0.115185 1.333816 0.144751 0.153930 0.836670
0.117484 1.335461 0.169294 0.171140 0.837400
-0.091943 0.228875 -0.085694 0.307860 0.040530
-0.094128 0.229304 -0.074265 0.315920 0.039550
-0.081122 0.223638 -0.097175 0.290530 0.039060
-0.088061 0.198266 -0.097714 0.290040 0.023930
-0.104224 0.200464 -0.083957 0.306880 0.028320
-0.105769 0.200956 -0.072604 0.314700 0.027340
-0.091631 0.228215 -0.067299 0.323730 0.038570
-0.074069 0.253870 -0.094531 0.290530 0.061040
-0.120515 1.526548 0.014128 0.495120 0.973330
-0.109833 1.554049 -0.000785 0.480710 0.994200
-0.124451 1.531275 -0.001650 0.482180 0.973420
-0.110781 1.557136 -0.027227 0.458250 0.994850
-0.127507 1.539210 -0.031069 0.458250 0.973050
-0.125677 1.543502 -0.063713 0.432130 0.972120
-0.108006 1.560087 -0.056267 0.432620 0.995020
-0.118703 1.543063 -0.090941 0.409910 0.970540
-0.101727 0.200807 -0.064846 0.322510 0.026370
-0.074795 0.223380 -0.059060 0.342040 0.032230
-0.067580 0.251680 -0.057993 0.347900 0.053220
-0.047592 0.247997 -0.049560 0.369140 0.048340
-0.052559 0.216017 -0.042969 0.365480 0.023930
-0.057042 0.190780 -0.047692 0.359620 0.003420
-0.082598 0.196552 -0.056150 0.338620 0.017580
0.107219 1.483075 -0.069435 0.143680 0.946320
0.114698 1.470976 -0.037759 0.119140 0.941350
0.107432 1.445069 -0.036225 0.113830 0.920530
0.110541 1.435702 -0.001403 0.087460 0.919800
0.121283 1.462953 -0.002972 0.092960 0.941280
0.120665 1.458174 0.026998 0.070980 0.942600
0.110384 1.430894 0.026493 0.066710 0.921810
-0.133801 1.309968 0.166430 0.422610 0.813600
-0.099938 0.155362 0.112222 0.605960 0.229490
-0.098681 0.171000 0.109116 0.597170 0.235840
-0.120283 0.162568 0.093929 0.614750 0.247070
-0.115222 0.178408 0.091943 0.604000 0.254880
-0.122148 0.163584 0.078128 0.621090 0.258790
-0.115587 0.181741 0.078903 0.607910 0.264160
-0.109060 0.181969 0.070906 0.611820 0.273440
-0.113549 0.160715 0.065290 0.628420 0.270510
-0.086763 0.177083 0.060231 0.621090 0.290040
-0.092000 0.151200 0.054101 0.640140 0.285160
-0.088061 0.194513 0.104986 0.581050 0.247070
-0.104224 0.197218 0.091320 0.589360 0.263670
-0.105769 0.198131 0.079993 0.593260 0.271480
-0.101727 0.198269 0.072235 0.597170 0.279790
-0.082598 0.194339 0.063387 0.605470 0.298340
-0.057042 0.188883 0.054721 0.614750 0.324710
-0.055894 0.166759 0.053977 0.638180 0.322750
-0.054970 0.125005 0.054238 0.662110 0.320310
-0.017184 0.191436 0.104114 0.527830 0.204100
-0.036635 0.188944 0.116121 0.546880 0.211910
-0.057313 0.191415 0.119583 0.561040 0.222170
-0.075059 0.193449 0.115084 0.570800 0.232910
0.110541 1.434666 0.054547 0.087460 0.919800
0.121283 1.461840 0.057124 0.092960 0.941280
0.114698 1.468570 0.092184 0.119140 0.941350
0.107432 1.442738 0.089692 0.113830 0.920530
0.107219 1.479489 0.124286 0.143680 0.946320
0.101913 1.492847 0.154524 0.168330 0.953860
Indices:
0 1 2
3 4 5
3 5 6
7 8 9
10 9 8
9 10 3
3 10 4
4 10 11
11 12 4
12 13 4
4 13 14
14 5 4
5 14 15
8 16 10
17 15 18
15 17 5
6 5 17
17 19 6
18 19 17
18 20 19
19 20 21
22 6 19
19 23 22
21 23 19
21 24 23
25 24 21
26 24 25
26 25 27
26 27 28
28 27 29
28 29 30
31 32 33
22 33 32
24 33 22
24 22 23
33 34 31
35 36 28
28 30 35
35 30 37
37 38 35
39 35 38
36 35 39
39 40 36
41 36 40
40 42 41
43 41 42
42 44 43
38 45 39
41 43 46
46 47 41
36 41 47
47 48 36
28 36 48
28 48 49
28 49 26
26 49 24
49 33 24
49 50 33
50 49 48
48 47 50
51 50 47
47 46 51
51 46 52
53 52 46
46 43 53
34 33 50
50 51 34
34 51 54
52 54 51
54 52 55
56 55 52
52 53 56
56 57 58
58 55 56
59 55 58
55 59 54
60 54 59
61 54 60
62 61 60
61 62 63
64 63 62
63 64 65
58 66 59
59 67 60
68 67 59
59 66 68
68 66 69
70 69 66
66 58 70
71 70 58
58 57 71
72 71 57
57 73 72
67 74 75
68 76 67
77 67 76
67 77 74
78 74 77
75 74 78
78 79 75
75 79 80
75 80 81
82 81 80
81 82 83
82 84 83
75 81 85
83 85 81
86 87 88
88 89 86
84 86 89
89 83 84
83 89 64
64 85 83
62 85 64
85 62 75
60 75 62
75 60 67
65 64 89
89 88 65
65 88 90
65 90 91
91 92 65
92 91 93
93 94 92
95 94 93
31 94 95
31 95 32
31 92 94
90 96 97
97 91 90
91 97 7
7 93 91
9 93 7
93 9 95
3 95 9
32 95 3
32 3 6
6 22 32
92 63 65
63 92 31
61 63 31
31 34 61
54 61 34
98 99 100
100 101 102
101 100 99
99 103 101
103 99 104
104 99 98
98 105 104
106 105 98
98 107 106
108 106 107
107 109 108
104 110 103
111 108 109
109 112 111
113 111 112
112 114 113
114 115 113
116 117 118
115 118 117
118 115 119
115 114 119
119 114 120
120 114 112
112 121 120
121 112 109
109 122 121
122 109 107
122 123 121
121 124 120
125 124 121
121 123 125
125 123 126
126 123 127
123 122 127
122 128 127
127 128 129
130 129 128
128 131 130
126 132 125
133 125 132
124 125 133
133 134 124
134 135 124
134 136 135
134 133 137
137 138 134
138 139 134
139 136 134
136 139 140
140 118 136
136 118 119
119 135 136
120 135 119
135 120 124
141 137 133
142 137 141
137 142 143
143 138 137
138 143 144
144 139 138
139 144 145
145 140 139
116 140 145
118 140 116
146 147 145
145 147 116
148 149 145
145 144 148
150 148 144
144 143 150
151 150 143
143 142 151
151 142 152
141 152 142
152 141 153
154 153 141
141 155 154
153 156 152
157 152 156
152 157 151
156 158 157
151 159 160
159 151 157
157 161 159
161 157 158
158 162 161
163 161 162
162 164 163
165 164 162
166 167 168
160 168 167
168 160 159
159 169 168
169 159 161
161 163 169
170 168 169
168 170 166
171 166 170
172 166 171
166 172 173
173 167 166
173 174 167
174 160 167
150 160 174
160 150 151
173 175 174
148 174 175
174 148 150
175 149 148
171 176 172
177 172 176
177 173 172
178 173 177
173 178 175
175 178 179
179 180 175
175 180 146
146 149 175
145 149 146
181 182 183
183 182 184
184 182 185
184 185 186
186 185 179
186 179 178
177 186 178
186 177 187
176 187 177
187 176 188
188 189 187
189 188 190
184 187 189
187 184 186
191 192 193
193 194 191
195 194 193
194 195 196
197 196 195
190 196 197
198 196 190
190 188 198
171 198 188
188 176 171
196 198 194
191 194 198
198 171 191
170 191 171
192 199 193
200 193 199
193 200 195
201 195 200
195 201 197
201 202 197
202 201 203
203 204 202
204 203 205
205 206 204
207 204 206
206 208 207
208 209 207
202 204 207
210 205 203
203 200 210
200 203 201
199 210 200
211 212 208
208 206 211
213 211 206
206 205 213
214 213 205
205 210 214
215 214 210
210 199 215
216 215 199
199 192 216
214 215 217
217 218 219
218 217 215
215 216 218
220 216 192
216 220 221
221 218 216
218 221 222
222 219 218
219 222 223
223 224 219
224 223 225
225 226 224
227 226 225
165 225 223
223 164 165
164 223 222
222 163 164
163 222 221
169 163 221
220 169 221
169 220 170
170 220 192
191 170 192
228 229 230
231 229 228
228 232 231
231 232 233
234 233 232
234 235 233
227 235 234
235 227 236
225 236 227
236 225 165
233 237 231
226 227 238
234 238 227
238 234 239
232 239 234
240 239 232
232 228 240
241 242 243
243 244 241
244 243 245
245 246 244
246 245 247
247 248 246
240 248 247
247 239 240
239 247 238
249 238 247
250 251 242
242 251 252
253 242 252
254 253 252
253 254 255
255 256 253
255 249 256
243 256 249
249 245 243
247 245 249
242 253 256
243 242 256
238 249 226
224 226 249
249 255 224
219 224 255
255 254 219
219 254 217
252 217 254
217 252 214
213 214 252
251 213 252
211 213 251
250 211 251
212 211 250
257 212 250
257 258 212
259 258 257
259 257 260
261 259 260
261 260 262
262 260 263
263 264 262
265 266 261
261 266 267
267 268 261
268 259 261
268 269 259
259 269 270
270 258 259
209 258 270
212 258 209
209 208 212
271 272 273
271 273 274
271 274 275
275 276 271
276 275 277
277 278 276
278 277 279
280 273 272
272 281 280
281 272 282
272 271 282
282 271 283
283 271 276
276 284 283
284 276 278
278 285 284
285 278 286
279 286 278
286 279 287
288 289 283
290 288 283
283 284 290
284 291 290
285 291 284
291 285 292
286 292 285
292 286 293
287 293 286
294 293 287
295 290 291
291 296 295
295 296 297
298 297 296
296 299 298
300 299 296
296 291 300
292 300 291
301 288 290
290 295 301
301 295 302
297 302 295
303 302 297
297 304 303
304 297 298
298 305 304
305 298 306
306 298 299
306 307 305
304 308 309
309 303 304
303 309 310
310 311 303
302 303 311
311 312 302
302 312 301
313 301 312
301 313 289
289 288 301
283 289 282
312 311 314
314 315 312
312 315 313
316 313 315
289 313 316
316 317 289
282 289 317
317 318 282
282 318 281
319 281 318
320 319 321
318 321 319
321 318 317
322 323 320
322 320 324
321 324 320
324 321 325
321 317 325
325 317 316
281 319 280
280 319 326
327 326 319
319 320 327
328 327 320
320 323 328
328 323 329
322 329 323
322 330 329
331 330 322
332 333 330
330 333 329
329 334 328
334 329 333
333 335 334
335 333 336
336 333 337
338 337 333
333 332 338
339 338 332
332 340 339
340 332 330
330 331 340
341 340 331
339 340 341
341 342 339
342 341 343
343 344 342
345 344 343
343 346 345
347 345 346
347 346 348
347 349 345
348 346 343
343 350 348
350 343 341
341 351 350
331 351 341
351 331 352
322 352 331
352 322 324
324 353 352
325 353 324
352 354 351
351 354 355
355 350 351
348 350 355
355 356 348
356 355 357
357 358 356
359 358 357
358 359 360
357 355 354
354 361 357
362 357 361
357 362 359
360 363 364
363 360 359
359 365 363
366 365 359
359 362 366
366 362 367
361 367 362
367 361 353
352 353 361
361 354 352
353 325 367
316 367 325
367 316 366
315 366 316
365 366 315
315 314 365
314 363 365
368 363 314
364 363 368
364 368 369
369 368 370
371 372 373
374 373 372
373 374 375
376 375 374
375 376 377
370 377 376
310 377 370
370 368 310
311 310 368
368 314 311
373 378 371
379 378 373
373 380 379
375 380 373
377 381 375
375 381 382
382 380 375
380 382 383
383 379 380
383 384 379
378 379 384
384 385 378
378 385 386
386 371 378
371 386 387
388 389 385
385 384 388
384 390 388
383 390 384
391 390 383
383 392 391
392 383 382
382 308 392
308 382 381
381 309 308
309 381 377
377 310 309
389 388 393
394 393 388
388 390 394
395 394 390
390 391 395
395 391 307
307 391 392
392 305 307
305 392 308
308 304 305
396 293 294
294 397 396
398 396 397
397 399 398
400 398 399
399 401 400
402 400 401
401 403 402
402 403 404
404 306 402
306 404 405
405 307 306
307 405 395
299 402 306
402 299 300
300 400 402
400 300 292
292 398 400
398 292 293
293 396 398
406 407 408
407 406 409
410 409 406
409 410 411
412 411 410
412 413 411
414 408 415
408 414 406
416 406 414
406 416 410
417 410 416
410 417 412
418 412 417
412 418 419
419 413 412
413 419 420
421 369 415
369 370 415
415 370 414
376 414 370
414 376 416
374 416 376
416 374 417
372 417 374
417 372 418
422 418 372
423 424 425
424 423 426
426 427 424
427 426 428
428 429 427
430 429 428
430 387 429
422 387 430
387 422 371
372 371 422
431 424 427
427 432 431
432 427 429
429 433 432
433 429 387
387 434 433
435 434 387
387 386 435
389 435 386
386 385 389
432 436 437
438 436 432
432 433 438
439 438 433
433 434 439
440 439 434
434 435 440
441 440 435
435 389 441
393 441 389
442 443 444
444 443 445
445 446 444
446 445 447
447 448 446
448 447 449
449 450 448
450 449 431
431 437 450
437 431 432
443 451 452
452 453 443
445 443 453
453 454 445
445 454 455
455 447 445
447 455 425
425 449 447
449 425 424
424 431 449
453 452 456
456 457 458
458 459 456
456 459 453
453 459 460
460 454 453
454 460 461
461 455 454
455 461 462
462 425 455
425 462 423
463 462 461
461 464 463
464 461 460
460 465 464
465 460 459
459 458 465
465 458 466
467 466 458
466 467 468
469 468 467
466 470 465
465 470 471
471 464 465
463 464 471
472 473 468
474 468 473
468 474 466
466 474 475
475 470 466
470 475 476
476 471 470
477 471 476
471 477 463
478 463 477
479 480 481
482 481 480
481 482 473
483 473 482
473 483 474
475 474 483
482 484 483
485 483 484
483 485 475
475 485 486
486 476 475
487 476 486
476 487 477
488 477 487
487 489 488
488 489 490
491 492 493
493 494 491
495 494 493
494 495 496
497 496 495
496 497 489
489 487 496
486 496 487
496 486 494
494 486 485
493 498 495
499 495 498
495 499 497
498 500 499
501 490 489
489 497 501
502 501 497
497 499 502
503 502 499
499 500 503
504 503 500
500 505 504
505 500 498
498 506 505
503 504 507
508 509 510
509 508 507
507 511 509
511 507 504
504 512 511
512 504 505
505 513 512
513 505 506
506 514 513
515 514 506
516 514 517
514 516 518
518 513 514
513 518 519
519 512 513
511 512 519
518 516 520
510 509 521
522 521 509
509 511 522
519 522 511
522 519 523
523 519 518
518 524 523
520 524 518
525 524 520
520 526 525
521 522 527
523 527 522
527 523 528
528 523 524
524 525 528
529 530 531
532 530 529
529 510 532
521 532 510
532 521 533
527 533 521
533 527 534
528 534 527
534 528 535
535 528 525
535 536 534
537 534 536
534 537 533
538 533 537
533 538 532
530 532 538
538 539 530
539 538 540
540 541 539
541 540 542
542 543 541
536 544 537
540 537 544
537 540 538
544 542 540
545 349 546
545 546 547
548 545 547
547 549 548
543 548 549
549 541 543
541 549 550
550 539 541
539 550 531
531 530 539
547 546 551
552 551 546
551 552 553
546 554 552
555 556 421
556 555 557
557 555 553
553 558 557
558 553 552
552 559 558
559 552 554
554 347 559
554 349 347
546 349 554
348 559 347
559 348 356
356 558 559
558 356 358
358 557 558
360 557 358
557 360 556
364 556 360
421 556 364
364 369 421
421 560 555
560 421 561
561 562 560
562 561 563
563 564 562
564 563 565
565 529 564
529 565 566
566 510 529
510 566 508
567 560 562
568 562 564
562 568 567
567 568 569
553 555 560
560 567 553
553 567 551
569 551 567
551 569 547
549 547 569
569 550 549
550 569 568
568 531 550
564 531 568
531 564 529
570 571 572
571 570 573
574 573 570
573 575 571
572 566 565
566 572 571
571 508 566
508 571 575
575 507 508
507 575 503
503 575 573
573 502 503
502 573 574
574 501 502
501 574 576
576 490 501
477 488 478
478 488 577
490 577 488
578 577 490
490 576 578
413 578 576
413 576 574
411 413 574
570 411 574
411 570 409
420 578 413
577 578 420
420 579 577
577 579 478
418 422 430
430 419 418
419 430 428
428 420 419
420 428 426
426 579 420
579 426 423
423 478 579
478 423 462
462 463 478
580 581 582
583 584 585
584 586 585
585 586 587
586 580 587
588 587 580
580 582 588
589 588 582
582 590 589
590 582 581
581 591 590
591 581 592
591 593 594
594 590 591
590 594 595
595 589 590
596 589 595
588 589 596
596 597 588
587 588 597
597 598 587
587 598 585
595 599 596
599 595 600
600 595 594
594 601 600
601 594 593
593 602 601
602 593 603
604 599 600
600 605 604
605 600 601
601 606 605
606 601 602
607 604 605
605 608 607
606 608 605
609 607 608
610 608 611
608 606 611
612 611 606
602 612 606
612 602 613
603 613 602
613 603 614
592 614 603
592 603 593
593 591 592
615 611 616
616 611 612
617 618 619
620 619 618
618 615 620
621 620 615
615 616 621
621 616 622
622 616 612
613 622 612
622 613 623
614 623 613
624 619 625
625 619 620
626 627 619
619 624 626
628 626 624
628 624 625
629 628 625
630 629 625
625 631 630
620 631 625
632 631 620
620 621 632
632 621 633
633 621 622
623 633 622
623 614 634
633 623 634
634 635 633
632 633 635
636 632 635
636 631 632
637 631 636
637 630 631
638 630 637
630 638 639
634 640 635
636 635 640
640 641 636
642 636 641
642 637 636
637 642 643
643 644 637
637 644 638
639 629 630
629 639 645
645 628 629
645 646 628
628 646 626
647 626 646
627 626 647
647 648 627
648 647 649
650 649 647
649 650 651
646 652 647
647 652 650
525 653 535
651 653 525
525 526 651
651 526 649
654 649 526
649 654 648
655 648 654
627 648 655
655 617 627
619 627 617
654 656 655
526 520 654
654 520 516
516 656 654
517 656 516
656 517 657
657 655 656
655 657 658
658 617 655
618 617 658
658 659 618
517 514 515
517 515 660
660 657 517
657 660 661
661 658 657
658 661 662
662 663 658
663 662 609
609 610 663
608 610 609
662 661 664
664 661 660
660 665 664
665 660 515
515 666 665
515 506 666
506 498 493
493 666 506
666 493 492
492 665 666
665 492 667
667 664 665
668 664 667
664 668 662
609 662 668
668 669 609
669 668 670
667 670 668
485 491 494
484 491 485
492 491 484
484 667 492
667 484 482
482 670 667
480 670 482
670 480 669
480 671 669
479 671 480
672 671 479
673 672 479
607 609 669
669 671 607
604 607 671
671 672 604
672 599 604
673 599 672
596 599 673
597 596 673
598 674 675
674 598 597
597 676 674
673 676 597
676 673 677
479 677 673
677 479 678
481 678 479
678 481 472
473 472 481
468 469 472
679 472 469
472 679 678
680 678 679
678 680 677
680 681 677
677 681 676
676 681 682
682 674 676
675 674 682
679 683 680
684 680 683
684 681 680
682 681 684
682 684 685
682 685 686
675 682 686
687 688 685
685 684 687
683 687 684
675 585 598
585 675 583
686 583 675
583 686 689
689 686 685
685 690 689
691 690 685
685 688 691
691 688 692
692 688 687
693 694 692
692 694 691
695 696 697
696 584 697
584 698 697
584 583 698
583 689 698
699 700 701
699 702 700
702 699 703
704 702 703
703 705 704
704 705 706
706 707 704
695 707 706
706 708 695
695 708 696
709 710 711
711 712 709
712 711 713
713 714 712
714 713 715
715 716 714
716 715 717
717 718 716
714 719 720
720 712 714
712 720 721
721 709 712
229 709 721
709 229 231
231 710 709
710 231 237
237 722 710
710 722 723
724 725 726
727 726 725
725 723 727
728 727 723
723 722 728
729 728 722
722 237 729
730 729 237
237 233 730
235 730 233
731 732 727
727 728 731
733 731 728
728 729 733
734 733 729
729 730 734
735 734 730
730 736 735
737 735 736
735 737 738
739 740 741
740 739 731
731 733 740
740 733 734
734 742 740
742 734 735
735 743 742
738 743 735
743 738 744
744 745 743
741 740 742
742 746 741
746 742 743
743 745 746
745 747 748
748 746 745
746 748 749
749 741 746
750 741 749
741 750 739
745 744 751
751 747 745
747 751 752
752 753 747
747 753 754
754 748 747
748 754 755
755 749 748
756 749 755
749 756 750
750 756 757
757 758 750
739 750 758
758 759 739
731 739 759
760 759 758
753 761 762
762 754 753
754 762 763
763 755 754
764 755 763
755 764 756
756 764 765
765 757 756
766 757 765
766 758 757
767 768 769
770 769 768
769 770 771
772 771 770
770 766 772
773 772 766
766 765 773
773 765 764
764 774 773
763 774 764
768 775 770
770 775 766
763 762 776
776 777 763
774 763 777
777 778 774
773 774 778
778 779 773
772 773 779
779 780 772
771 772 780
780 781 771
777 776 782
782 783 777
778 777 783
783 784 778
779 778 784
784 785 779
780 779 785
780 785 786
781 780 786
787 781 786
788 789 784
785 784 789
789 790 785
786 785 790
790 791 786
786 791 792
793 792 791
792 793 794
794 795 792
795 794 796
791 797 793
797 791 790
790 798 797
798 790 789
789 799 798
800 799 789
789 788 800
801 800 788
788 802 801
803 801 802
802 804 803
805 803 804
804 806 805
807 805 806
806 808 807
809 808 806
806 810 809
811 810 806
806 804 811
782 811 804
804 802 782
783 782 802
802 788 783
784 783 788
153 154 812
812 154 813
813 814 812
809 814 813
815 814 809
809 810 815
816 815 810
810 811 816
776 816 811
811 782 776
817 818 156
156 153 817
812 817 153
817 812 819
819 812 814
814 815 819
761 819 815
815 816 761
762 761 816
816 776 762
820 738 737
744 738 820
820 821 744
751 744 821
821 818 751
751 818 817
817 752 751
819 752 817
753 752 819
819 761 753
235 736 730
236 736 235
736 236 737
165 737 236
737 165 820
162 820 165
821 820 162
162 158 821
818 821 158
158 156 818
822 823 824
825 826 827
828 825 827
827 829 828
830 828 829
831 832 833
834 831 833
833 835 834
834 835 836
837 836 835
836 837 838
839 838 837
837 840 839
840 837 841
835 841 837
835 842 841
843 842 835
835 833 843
844 843 833
833 832 844
844 832 845
841 846 840
847 848 849
849 850 847
851 847 850
850 852 851
851 852 845
853 845 852
845 853 844
854 844 853
843 844 854
854 855 843
842 843 855
855 856 842
852 857 853
858 853 857
853 858 854
857 859 858
850 849 860
860 861 850
852 850 861
852 861 862
852 862 857
863 857 862
862 864 863
864 862 865
866 865 862
862 861 866
867 866 861
861 860 867
860 868 867
868 860 849
868 849 869
870 869 849
871 872 873
874 873 872
874 872 875
874 875 876
877 874 876
877 876 878
877 878 879
878 870 879
870 848 879
849 848 870
873 874 880
879 848 847
831 845 832
831 851 845
881 851 831
847 851 881
879 847 881
882 879 881
877 879 882
874 877 882
874 882 883
874 883 880
884 885 838
838 885 836
836 885 886
886 834 836
887 834 886
831 834 887
887 888 831
831 888 881
889 881 888
882 881 889
885 884 890
890 886 885
886 890 891
891 887 886
887 891 892
888 887 892
892 893 888
888 893 889
883 882 889
889 894 883
894 889 893
893 895 894
896 895 893
893 892 896
897 896 892
892 898 897
898 892 891
891 899 898
899 891 890
890 900 899
898 899 901
901 899 902
903 902 899
899 900 903
904 903 900
904 900 890
890 905 904
890 906 905
890 884 906
907 906 884
838 907 884
907 838 839
898 908 909
901 908 898
901 910 908
908 910 911
911 909 908
909 911 912
912 913 909
913 912 914
914 915 913
915 914 916
909 913 917
918 919 920
920 921 918
921 920 922
922 915 921
915 922 923
923 913 915
913 923 924
924 917 913
917 924 925
925 926 917
880 883 894
894 927 880
927 894 895
895 928 927
926 928 895
895 896 926
917 926 896
896 897 917
917 897 909
909 897 898
926 925 929
929 928 926
928 929 930
930 927 928
927 930 931
931 880 927
880 931 932
932 873 880
933 873 932
873 933 871
932 934 933
935 936 937
936 935 938
938 939 936
940 939 938
938 941 940
941 938 942
942 938 935
935 943 942
940 941 944
945 944 941
941 946 945
942 946 941
946 942 947
947 942 943
943 948 947
949 950 944
944 945 949
951 949 945
945 952 951
952 945 946
946 953 952
947 953 946
953 947 954
955 954 947
947 948 955
952 956 957
956 952 953
953 958 956
954 958 953
958 954 959
959 954 955
955 960 959
960 955 961
961 962 960
963 962 961
964 961 955
965 956 958
957 956 966
956 965 966
966 965 967
967 965 968
958 968 965
959 968 958
959 960 969
969 970 959
968 959 970
970 971 968
968 971 967
967 971 972
972 973 967
974 973 972
973 974 975
976 975 974
970 969 977
977 978 970
971 970 978
978 972 971
979 980 981
981 976 979
974 979 976
979 974 982
972 982 974
983 982 972
972 978 983
984 983 978
978 977 984
984 977 985
986 983 984
982 983 986
986 987 982
982 987 979
984 988 986
989 986 988
987 986 989
989 990 987
979 987 990
990 980 979
991 992 988
993 988 992
988 993 989
989 993 994
994 995 989
990 989 995
995 996 990
990 996 997
997 980 990
981 980 997
976 981 998
998 981 999
981 997 999
975 976 1000
998 1000 976
1000 998 1001
1001 998 999
1002 1001 999
1002 1003 1001
1003 1002 1004
1004 1005 1003
1005 1004 1006
1006 1007 1005
1008 1001 1003
1003 1009 1008
1009 1003 1005
1005 1010 1009
1010 1005 1007
1007 718 1010
718 1007 1011
1011 716 718
716 1011 719
719 714 716
1007 1006 1012
1012 1011 1007
1011 1012 1013
1013 719 1011
719 1013 1014
1014 720 719
720 1014 1015
1015 721 720
230 721 1015
721 230 229
1015 1016 230
230 1016 1017
1017 1018 230
230 1018 228
240 228 1018
1018 1019 240
248 240 1019
1019 1020 248
246 248 1020
1020 1021 246
1022 1023 1021
1022 1021 1024
1024 1021 1020
1020 1025 1024
1026 1025 1020
1020 1019 1026
1017 1026 1019
1019 1018 1017
1027 1022 1024
244 246 1021
1021 1023 244
1023 263 244
1022 263 1023
264 263 1022
264 1022 1027
1027 1028 264
262 264 1028
1028 265 262
261 262 265
242 241 250
257 250 241
241 260 257
263 260 241
241 244 263
726 727 732
732 1029 726
1030 726 1029
1029 1031 1030
1032 1030 1031
1031 1033 1032
1034 1032 1033
1033 1035 1034
1036 1034 1035
1035 1037 1036
1038 1036 1037
1039 1040 1038
1036 1038 1040
1040 1041 1036
1034 1036 1041
1041 1042 1034
1032 1034 1042
1042 1043 1032
1030 1032 1043
1043 724 1030
726 1030 724
1043 1042 1044
1045 1044 1042
1042 1041 1045
1046 1045 1041
1041 1040 1046
1010 1044 1045
1045 1009 1010
1009 1045 1046
1046 1008 1009
1008 1046 1047
1047 1046 1040
1040 1039 1047
1047 1039 1048
1048 1039 1049
1038 1049 1039
1038 1050 1051
1051 1049 1038
1052 1049 1051
1049 1052 1048
973 1048 1052
975 1048 973
1048 975 1047
1000 1047 975
1047 1000 1008
1001 1008 1000
1050 1053 957
1051 1050 957
1051 957 966
1051 966 1052
967 1052 966
1052 967 973
1054 771 781
771 1054 769
1055 769 1054
769 1055 767
1056 767 1055
767 1056 1057
1053 1057 1056
1057 1053 1037
1050 1037 1053
1037 1050 1038
781 787 1054
1058 1054 787
1054 1058 1055
1059 1055 1058
1055 1059 1056
1060 1056 1059
1056 1060 1053
1053 1060 951
951 957 1053
957 951 952
1058 1061 1059
1062 1063 1064
1064 1063 1065
1065 1066 1064
1067 1066 1065
1061 1066 1067
1067 1068 1061
1059 1061 1068
1068 1069 1059
1059 1069 1060
1066 1061 1058
1058 1064 1066
787 1064 1058
1064 787 1062
786 1062 787
792 1062 786
1062 792 795
795 1063 1062
1063 795 1070
1070 1065 1063
796 1070 795
1070 796 1071
1071 1072 1070
1072 1071 1073
1073 1074 1072
1075 1074 1073
1076 1074 1075
1075 1077 1076
950 1076 1077
1077 944 950
1077 1075 1078
1065 1070 1072
1067 1065 1072
1067 1072 1074
1074 1076 1067
1068 1067 1076
1076 950 1068
1069 1068 950
950 949 1069
1060 1069 949
949 951 1060
1079 963 1080
1080 1081 1079
1082 1081 1080
1082 1083 1081
1084 1083 1082
1082 1085 1084
1086 1084 1085
1085 1087 1086
1088 1086 1087
1089 1088 1090
1087 1090 1088
1090 1087 1091
1092 1091 1087
1087 1085 1092
964 1092 1085
1085 1082 964
961 964 1082
1080 961 1082
961 1080 963
948 964 955
964 948 943
943 1092 964
1092 943 935
1091 1092 935
937 1091 935
1091 937 1090
937 1093 1090
1090 1093 1089
1094 1089 1093
1095 1094 1096
1097 1098 1093
1093 937 1097
1099 1097 937
937 936 1099
1100 1099 936
936 939 1100
1078 1100 939
939 940 1078
1078 940 1077
944 1077 940
1098 1094 1093
1094 1098 1096
1096 1098 1097
1097 1101 1096
1101 1097 1099
1099 1102 1101
1102 1099 1100
1100 1103 1102
1104 1103 1100
1100 1078 1104
1105 1104 1078
1078 1075 1105
1073 1105 1075
1106 1107 1108
1108 1107 1109
1109 1110 1108
1110 1109 1111
1112 130 131
130 1112 1113
1113 1114 130
1114 1113 808
1115 1114 808
808 809 1115
813 1115 809
107 128 122
128 107 98
98 131 128
100 131 98
131 100 1112
102 1112 100
1112 102 1116
1116 1113 1112
1113 1116 807
1113 807 808
1117 397 294
1118 1119 1120
1120 1121 1118
1121 1120 1122
1122 1123 1121
1124 1121 1123
1123 1125 1124
1124 1125 1126
1126 1127 1124
1127 1126 919
919 918 1127
916 921 915
921 916 1128
1128 918 921
918 1128 1129
1129 1127 918
1124 1127 1129
1129 1130 1124
1121 1124 1130
1130 1118 1121
775 758 766
758 775 760
1131 760 775
775 768 1131
1132 1131 768
768 767 1132
1057 1132 767
1037 1035 1057
1132 1057 1035
1035 1033 1132
1131 1132 1033
1033 1031 1131
760 1131 1031
1031 1029 760
759 760 1029
1029 732 759
759 732 731
1133 456 452
452 1134 1133
1134 452 451
1135 1134 451
1136 1137 1138
1138 1139 1136
1140 1136 1139
1139 1134 1140
1140 1134 1141
1134 1135 1141
1141 1135 1142
1142 1135 451
1142 451 442
451 443 442
442 1143 1142
1144 1142 1143
1142 1144 1141
1145 1146 1136
1136 1140 1145
1147 1145 1140
1140 1141 1147
1148 1147 1141
1141 1144 1148
1148 1144 1149
1143 1149 1144
1149 1143 1150
1151 1150 1143
1143 442 1151
442 444 1151
1150 1152 1149
1153 1149 1152
1149 1153 1148
1148 1153 1154
1154 1153 1155
1155 1156 1154
1152 1155 1153
1154 1157 1148
1148 1157 1158
1158 1147 1148
1147 1158 1159
1159 1145 1147
1145 1159 1160
1160 1146 1145
1146 1160 1161
1161 1162 1146
1162 1161 1163
1164 1165 1166
1166 1165 1167
1167 1168 1166
1168 1167 1169
1170 1169 1167
1169 1170 1163
1163 1170 1162
1171 1162 1170
1146 1162 1171
1171 1136 1146
1136 1171 1137
1172 1137 1171
1165 1137 1172
1165 1172 1167
1167 1172 1170
1170 1172 1171
692 1168 693
1166 1168 692
692 1173 1166
1164 1166 1173
1173 1174 1164
1175 1164 1174
1165 1164 1175
1175 1176 1165
1137 1165 1176
1176 1138 1137
1176 1175 1177
1177 1175 1178
1174 1178 1175
687 1173 692
1173 687 683
683 1174 1173
1174 683 679
679 1178 1174
469 1178 679
1178 469 1177
467 1177 469
1177 467 457
458 457 467
1133 1134 1139
1133 1139 1138
1138 1179 1133
1179 1138 1176
1176 1180 1179
1177 1180 1176
457 1180 1177
457 1179 1180
457 456 1179
1179 456 1133
991 1181 1182
962 963 1183
963 1079 1183
1079 1184 1183
1183 1184 1185
1185 1181 1183
1181 1185 1186
1186 1182 1181
1187 1182 1186
991 1182 1187
991 1187 992
985 977 969
969 1188 985
1188 969 960
1188 960 962
1183 1188 962
1188 1183 1181
1181 985 1188
991 985 1181
985 991 984
988 984 991
1189 701 700
1189 700 1190
1190 1191 1189
1191 1190 1192
1192 1193 1191
1194 1193 1192
1192 1195 1194
1194 1195 181
181 1196 1194
181 183 1196
130 1114 129
129 1114 127
127 1114 1115
126 127 1115
1115 813 126
132 126 813
154 132 813
154 155 132
132 155 133
133 155 141
1186 1197 1187
1198 1187 1197
992 1187 1198
1199 992 1198
992 1199 993
994 993 1199
1199 1200 994
1200 1199 1198
1198 1201 1200
1202 1201 1198
1203 1202 1198
1197 1203 1198
117 1204 115
115 1204 1205
1205 1206 115
1207 1206 1205
1205 1208 1207
1207 1208 1209
1209 1210 1207
572 409 570
409 572 407
565 407 572
407 565 563
563 408 407
408 563 561
561 415 408
415 561 421
618 659 615
615 659 1211
1211 611 615
611 1211 610
663 610 1211
1211 659 663
663 659 658
723 711 710
711 723 725
725 713 711
713 725 724
724 715 713
715 724 1043
1043 717 715
1044 717 1043
718 717 1044
1044 1010 718
1212 72 73
73 1213 1212
1214 1212 1213
1213 1215 1214
1216 1214 1215
1215 1217 1216
1216 1217 1218
1218 1219 1216
1219 1218 1220
1220 1221 1219
1215 1213 1222
1222 1223 1215
1217 1215 1223
1223 1224 1217
1218 1217 1224
1224 1225 1218
1218 1225 1226
1226 1220 1218
1220 1226 1227
1227 1228 1220
1221 1220 1228
1228 1229 1221
53 43 44
44 1230 53
56 53 1230
1230 1231 56
57 56 1231
1231 1232 57
73 57 1232
1232 1233 73
1213 73 1233
1233 1222 1213
1234 1210 1209
1209 1235 1234
1234 1235 1236
1236 1237 1234
1163 1237 1236
1236 1238 1163
1163 1238 1239
1239 1169 1163
1169 1239 693
693 1168 1169
