Material: cloak_mat
BaseColor: cloak_mat_BaseColor.jpg
Normal: cloak_mat_Normal.png
Roughness: cloak_mat_Roughness.jpg
Metallic: None
Alpha: cloak_mat_Alpha.jpg
Emissive: None
Vertices:
0.179205 0.775659 -0.532390 0.246482 0.060775
0.239176 0.700517 -0.543113 0.216443 0.019819
0.172785 0.722968 -0.567587 0.254146 0.028646
0.184958 0.836704 -0.494316 0.240021 0.097423
0.249309 0.759650 -0.505743 0.206383 0.054989
0.327034 0.811274 -0.466132 0.162122 0.083110
0.323982 0.746477 -0.486095 0.165968 0.048528
0.312286 0.683989 -0.521014 0.176435 0.012576
0.260045 0.894516 -0.453293 0.198608 0.127240
0.257446 0.824834 -0.478290 0.199766 0.090818
0.185092 0.902112 -0.463170 0.239180 0.134700
0.252567 0.966020 -0.427275 0.198638 0.166344
0.311407 0.958945 -0.417427 0.166741 0.159504
0.323521 0.883267 -0.444090 0.163903 0.119454
0.181917 0.967448 -0.437086 0.236924 0.171837
0.237050 1.036756 -0.398132 0.199026 0.207110
0.173427 1.032933 -0.409261 0.233907 0.210152
0.212972 1.104787 -0.368519 0.200279 0.248415
0.261770 1.105368 -0.359634 0.173637 0.244426
0.290834 1.033730 -0.388073 0.169758 0.201714
0.156678 1.097539 -0.378834 0.231411 0.249704
0.182691 1.170072 -0.342324 0.202178 0.289612
0.132344 1.161422 -0.350147 0.230129 0.289932
0.153306 1.236225 -0.327141 0.204198 0.330419
0.195248 1.239950 -0.318620 0.181332 0.328561
0.227808 1.173122 -0.335120 0.177648 0.286806
0.105637 1.227433 -0.332241 0.230608 0.330245
0.131866 1.306822 -0.325170 0.205396 0.371083
0.070089 1.370489 -0.326957 0.231534 0.410715
0.084211 1.298145 -0.327137 0.231432 0.370773
0.154569 1.383330 -0.318637 0.185769 0.410548
0.170357 1.310950 -0.315116 0.184270 0.369902
0.061492 1.442704 -0.327167 0.230342 0.449616
0.118665 1.378600 -0.327218 0.205364 0.411023
0.056848 1.513658 -0.325942 0.228101 0.487426
0.111497 1.449760 -0.327486 0.203827 0.449536
0.108239 1.518992 -0.325025 0.201165 0.486778
0.146133 1.454489 -0.319775 0.185092 0.449457
0.054758 1.651055 -0.324425 0.223451 0.560472
0.103822 1.712371 -0.324209 0.198397 0.594634
0.109830 1.646423 -0.322495 0.197477 0.559113
0.055534 1.711820 -0.326862 0.224573 0.595979
0.089124 1.781323 -0.325365 0.201179 0.628706
0.131337 1.775462 -0.321517 0.181856 0.627782
0.137236 1.713961 -0.317142 0.179403 0.593819
0.142703 1.648217 -0.313303 0.178758 0.558177
0.022417 1.895696 -0.331459 0.236956 0.690482
0.065135 1.945291 -0.333310 0.215064 0.715987
0.073681 1.895064 -0.329552 0.209912 0.689706
0.016673 1.946187 -0.336169 0.240233 0.716674
0.055089 1.989758 -0.335469 0.220592 0.738885
0.096676 1.988587 -0.328404 0.199572 0.738160
0.103609 1.942659 -0.327963 0.194635 0.714430
0.110989 1.892817 -0.325748 0.189787 0.688052
-0.002961 2.105253 -0.308789 0.249611 0.800410
0.041238 2.069738 -0.323328 0.227655 0.780280
-0.002924 2.066956 -0.326456 0.249919 0.778871
-0.001266 2.141242 -0.284011 0.248446 0.822926
0.040814 2.108817 -0.308245 0.227546 0.801607
0.043867 2.144457 -0.286038 0.225595 0.822976
0.088720 2.111949 -0.303071 0.204706 0.802852
0.089206 2.072553 -0.316841 0.204376 0.781656
0.000127 2.171604 -0.254615 0.247528 0.844872
0.001144 2.197931 -0.228756 0.246798 0.864209
0.048378 2.175318 -0.255528 0.222865 0.845247
0.052883 2.202651 -0.223246 0.220011 0.867193
0.093639 2.178125 -0.251514 0.200527 0.846088
0.090787 2.146996 -0.282511 0.203121 0.823507
0.143448 1.891526 -0.320339 0.171870 0.686710
0.117466 1.839342 -0.323801 0.185442 0.659196
0.177290 1.891244 -0.314315 0.153108 0.685648
0.148599 1.839795 -0.318133 0.168122 0.658365
0.187651 1.834622 -0.310353 0.149900 0.657679
0.160499 1.777627 -0.314060 0.165094 0.627480
0.154232 2.217436 -0.081566 0.160309 0.921397
0.169680 2.215404 -0.135474 0.161402 0.891451
0.142855 2.219181 -0.139453 0.175466 0.893822
0.172682 2.211631 -0.077791 0.150131 0.919678
0.191337 2.211567 -0.140712 0.148925 0.889512
0.179206 2.201794 -0.209789 0.157669 0.863588
0.143999 2.203036 -0.214384 0.174660 0.865447
0.094563 2.209757 -0.204714 0.198290 0.875462
0.187273 1.386139 -0.302780 0.166593 0.409117
0.226840 1.383465 -0.281368 0.141380 0.406759
0.203143 1.307019 -0.296593 0.163059 0.367386
0.248166 1.310504 -0.280584 0.137076 0.364190
0.228773 1.236036 -0.304287 0.159033 0.325224
0.362228 0.948153 -0.410578 0.139342 0.151578
0.412135 0.937550 -0.408564 0.112607 0.143854
0.378467 0.867119 -0.437842 0.133608 0.110469
0.430492 0.851504 -0.435784 0.105497 0.101820
0.391002 0.796957 -0.456506 0.128377 0.074771
0.141106 2.071526 -0.310683 0.179409 0.780831
0.091106 2.030889 -0.325340 0.203032 0.759955
0.187880 2.068148 -0.305831 0.156231 0.779055
0.138473 2.030014 -0.319722 0.179586 0.759376
0.184981 2.029319 -0.314751 0.157067 0.758721
0.137801 1.986923 -0.322461 0.178870 0.737091
0.142515 1.522681 -0.316354 0.182646 0.486452
0.174933 1.450506 -0.303511 0.168475 0.449025
0.201903 1.523766 -0.282588 0.147433 0.486981
0.171084 1.517880 -0.301253 0.167362 0.486484
0.210426 1.455256 -0.284316 0.145960 0.448154
0.306285 1.103479 -0.355709 0.149869 0.239150
0.348717 1.100621 -0.353340 0.126359 0.234025
0.337579 1.027585 -0.382424 0.144776 0.195069
0.383498 1.022432 -0.382080 0.120272 0.188754
0.178282 2.173796 -0.249724 0.160200 0.839798
0.138540 2.176854 -0.253953 0.179182 0.841976
0.138219 2.145559 -0.278655 0.181099 0.821437
0.169840 1.583825 -0.298849 0.165098 0.522288
0.146012 1.580734 -0.312519 0.180038 0.522366
0.167547 1.651261 -0.300763 0.163369 0.557932
0.199053 1.590211 -0.281083 0.146385 0.523365
0.274810 1.239483 -0.294771 0.133983 0.321531
0.271142 1.173916 -0.330210 0.154679 0.282628
0.315157 1.174148 -0.325958 0.130903 0.278360
0.448135 0.782216 -0.453242 0.099368 0.065369
0.396507 0.736099 -0.473185 0.128126 0.042359
0.455779 0.684617 -0.500015 0.100818 0.009505
0.388945 0.684779 -0.502626 0.135454 0.012557
0.509865 0.779850 -0.456616 0.067939 0.060340
0.458516 0.726978 -0.470171 0.096983 0.035862
0.590066 0.802217 -0.461132 0.024975 0.065564
0.528704 0.734249 -0.484980 0.060660 0.032073
0.603767 0.769485 -0.504354 0.017030 0.037750
0.533008 0.698057 -0.525267 0.058407 0.004183
0.225425 1.894718 -0.306718 0.128923 0.686299
0.287586 1.847746 -0.303515 0.095148 0.662255
0.230384 1.839479 -0.303153 0.125890 0.658463
0.291729 1.796570 -0.291481 0.091881 0.632400
0.234377 1.787385 -0.294504 0.122796 0.628614
0.191158 1.780955 -0.304094 0.147173 0.627358
0.291612 1.391548 -0.264278 0.104437 0.403227
0.352582 1.406006 -0.255474 0.070296 0.403056
0.310851 1.321231 -0.271927 0.102507 0.361771
0.397153 1.273575 -0.295901 0.066300 0.322592
0.332399 1.250712 -0.290678 0.102620 0.319854
0.471266 0.933688 -0.410771 0.080227 0.139696
0.565813 0.863721 -0.432187 0.033532 0.101713
0.487043 0.846941 -0.435647 0.075667 0.097298
0.229656 2.029852 -0.311232 0.134060 0.759182
0.286421 2.066805 -0.287109 0.104516 0.780535
0.231546 2.066950 -0.301058 0.134081 0.778687
0.290638 2.030502 -0.300759 0.101858 0.760390
0.229410 1.989097 -0.312466 0.133134 0.737729
0.177625 1.985921 -0.319737 0.157869 0.736561
0.255523 1.533086 -0.256591 0.114411 0.487584
0.319834 1.543970 -0.237703 0.077018 0.488725
0.271077 1.464000 -0.260968 0.109665 0.446391
0.333893 1.478945 -0.246605 0.073060 0.447134
0.399940 1.104537 -0.351695 0.098417 0.231363
0.478441 1.129242 -0.346814 0.055469 0.235918
0.438268 1.023710 -0.382822 0.090247 0.185524
0.518411 1.041422 -0.375964 0.045655 0.189833
0.216572 2.171167 -0.239173 0.141050 0.839955
0.245611 2.189335 -0.193796 0.123188 0.861482
0.212711 2.199143 -0.196886 0.141380 0.863879
0.255027 2.165544 -0.229737 0.120350 0.839578
0.225657 2.139779 -0.264477 0.137812 0.819161
0.182475 2.141816 -0.272154 0.159582 0.819578
0.190622 2.206648 -0.076763 0.140361 0.918132
0.213752 2.207176 -0.137890 0.136267 0.889316
0.208736 2.203490 -0.075671 0.130519 0.917265
0.238338 2.199651 -0.137599 0.122499 0.887449
0.196602 1.657476 -0.284801 0.145120 0.558820
0.249254 1.600523 -0.256905 0.116097 0.525342
0.244104 1.666694 -0.265476 0.117432 0.560757
0.311940 1.611783 -0.239084 0.080020 0.527778
0.424194 1.203360 -0.314862 0.063303 0.280792
0.367912 1.181409 -0.322828 0.102534 0.276478
0.184931 2.192923 0.026569 0.125765 0.971044
0.198002 2.199400 -0.015653 0.125652 0.946504
0.185888 2.201831 -0.017599 0.132157 0.947662
0.191848 2.191381 0.027254 0.122073 0.970207
0.209858 2.197394 -0.013756 0.119323 0.945420
0.170370 2.196452 0.025836 0.133297 0.973075
0.173444 2.205204 -0.019179 0.138879 0.948890
0.161277 2.208976 -0.022077 0.145749 0.950006
0.177656 2.195107 0.025690 0.129688 0.971775
0.184987 2.179093 0.056386 0.120068 0.987550
0.180808 2.175922 0.061930 0.120334 0.992416
0.186806 2.174090 0.061708 0.117573 0.991703
0.185826 2.189003 0.041540 0.122963 0.978761
0.178752 2.181441 0.053992 0.123736 0.987919
0.175001 2.191444 0.040678 0.128566 0.980182
0.179612 2.191017 0.040979 0.126290 0.979443
0.193109 2.177300 0.054694 0.116280 0.986549
0.196471 2.184897 0.040568 0.117532 0.978073
0.192062 2.186789 0.041266 0.119734 0.978190
0.101811 0.774297 -0.567936 0.291416 0.056538
0.035268 0.717155 -0.631184 0.332851 0.019079
0.107630 0.718728 -0.600758 0.291988 0.022741
0.014316 0.844396 -0.549863 0.336422 0.099649
0.101528 0.840618 -0.521327 0.287420 0.098746
0.107292 0.904885 -0.480872 0.282310 0.138708
0.030875 0.899686 -0.505900 0.325744 0.136728
0.045892 0.952020 -0.464409 0.312840 0.171546
0.109330 0.962501 -0.448761 0.276922 0.174084
0.105573 1.019914 -0.418626 0.271558 0.209366
0.047079 1.004759 -0.424182 0.304223 0.207167
0.034475 1.061616 -0.385662 0.299558 0.244963
0.094778 1.080994 -0.386051 0.265858 0.247381
0.075489 1.145197 -0.355147 0.261968 0.287352
0.013967 1.125893 -0.354036 0.296468 0.284663
-0.013411 1.198132 -0.331484 0.297437 0.327148
0.050524 1.213659 -0.333757 0.261584 0.328455
0.026412 1.286193 -0.323910 0.263514 0.369878
-0.044767 1.273713 -0.316267 0.303038 0.370570
0.004648 1.359605 -0.319467 0.267281 0.410727
-0.073880 1.348812 -0.303183 0.310504 0.412767
-0.014243 1.432134 -0.316145 0.271110 0.450283
-0.094784 1.423050 -0.294248 0.315216 0.452821
-0.026481 1.504498 -0.315267 0.272302 0.488592
-0.029950 1.646671 -0.315627 0.268061 0.562036
-0.115275 1.643406 -0.296471 0.313406 0.564482
-0.033558 1.713722 -0.318055 0.268282 0.596852
-0.112311 1.772255 -0.310258 0.308524 0.629219
-0.038478 1.777038 -0.321147 0.269373 0.629842
0.038501 1.780746 -0.325886 0.228442 0.629794
-0.044900 1.892583 -0.330021 0.272069 0.689521
-0.109953 1.938321 -0.329841 0.305509 0.713723
-0.045124 1.943852 -0.335129 0.272041 0.715913
-0.110435 1.986524 -0.331901 0.303437 0.738127
-0.046629 1.988505 -0.337927 0.272518 0.738732
0.009537 1.990001 -0.338865 0.243937 0.739111
-0.053187 2.068256 -0.326044 0.273753 0.779457
-0.110853 2.073042 -0.319164 0.299229 0.781823
-0.051949 2.108134 -0.307647 0.272531 0.801624
-0.110670 2.113776 -0.300013 0.297634 0.803930
-0.051055 2.145638 -0.280376 0.271854 0.825306
-0.108724 2.151134 -0.271684 0.296863 0.827424
-0.052631 2.176888 -0.248934 0.272768 0.848195
-0.107587 2.183549 -0.238752 0.297401 0.851000
-0.055348 2.203466 -0.222357 0.274493 0.867785
-0.111764 1.830314 -0.317684 0.307383 0.658513
-0.161048 1.884357 -0.315932 0.332917 0.686499
-0.111531 1.885825 -0.323966 0.306865 0.686777
-0.160928 1.829608 -0.308456 0.333374 0.658762
-0.211169 1.780519 -0.295870 0.359261 0.636422
-0.206914 1.837752 -0.304996 0.356978 0.663912
-0.211682 1.892811 -0.306050 0.356094 0.691116
-0.161042 2.218040 -0.073401 0.332994 0.921194
-0.173212 2.213908 -0.131056 0.331143 0.889687
-0.179020 2.212990 -0.070310 0.342471 0.917969
-0.148965 2.217997 -0.130030 0.318968 0.894805
-0.160230 2.207099 -0.192190 0.322048 0.869156
-0.192488 2.200366 -0.187218 0.337838 0.865113
-0.199215 2.210866 -0.127015 0.342342 0.885686
-0.195625 2.207267 -0.068625 0.351452 0.914919
-0.107847 1.269009 -0.306324 0.337366 0.375198
-0.130122 1.344676 -0.289077 0.341033 0.416888
-0.076869 1.192257 -0.325530 0.332009 0.331495
-0.133923 1.192660 -0.319574 0.362375 0.338675
-0.159803 1.268598 -0.301278 0.364871 0.380696
-0.178870 1.343568 -0.286046 0.366390 0.421165
-0.023888 0.936280 -0.472147 0.351684 0.169331
-0.051801 0.889189 -0.523024 0.370609 0.134121
-0.076806 0.846096 -0.568892 0.384837 0.101856
-0.118962 0.870963 -0.526387 0.406419 0.131138
-0.090682 0.920495 -0.469457 0.388461 0.170264
-0.110688 2.030669 -0.329386 0.301329 0.760283
-0.161092 2.077173 -0.305556 0.321586 0.784422
-0.161435 2.034917 -0.317832 0.325172 0.763008
-0.163479 1.988725 -0.321227 0.329139 0.739742
-0.209872 2.038715 -0.300106 0.346790 0.765489
-0.203509 2.078762 -0.289584 0.342021 0.786371
-0.108210 1.497847 -0.292791 0.316479 0.491497
-0.146060 1.420305 -0.278777 0.342810 0.456634
-0.159269 1.497114 -0.276536 0.343684 0.495589
-0.194464 1.419466 -0.277394 0.367522 0.460768
-0.206278 1.497578 -0.274573 0.367356 0.500087
-0.019168 1.051631 -0.379836 0.328818 0.247758
-0.011042 0.991493 -0.422570 0.336507 0.208077
-0.070709 0.978871 -0.415621 0.369625 0.211276
-0.073138 1.045595 -0.373029 0.358017 0.252921
-0.114494 2.212946 -0.189286 0.300014 0.877396
-0.153307 2.182575 -0.230398 0.317958 0.849079
-0.157041 2.149877 -0.259298 0.317948 0.826761
-0.195216 2.179479 -0.220217 0.337579 0.846875
-0.167335 1.572945 -0.277346 0.343273 0.533360
-0.169438 1.645394 -0.281426 0.341543 0.568710
-0.114622 1.572009 -0.293667 0.315562 0.528935
-0.213991 1.574517 -0.274863 0.366343 0.538270
-0.217029 1.648693 -0.278911 0.364796 0.574109
-0.044324 1.117677 -0.348314 0.328151 0.288113
-0.101367 1.117078 -0.342242 0.358449 0.295540
-0.073558 0.794869 -0.613046 0.385862 0.066132
0.017485 0.781774 -0.597447 0.338529 0.058041
-0.046670 0.735460 -0.648305 0.376484 0.028439
-0.127406 0.720854 -0.655275 0.419286 0.026790
-0.153039 0.780063 -0.616025 0.426613 0.065520
-0.146520 0.826655 -0.574040 0.421219 0.097736
-0.184912 0.795245 -0.575714 0.444275 0.088256
-0.202145 0.734396 -0.615008 0.457130 0.051552
-0.201642 0.665171 -0.645446 0.465701 0.012820
-0.266623 0.675884 -0.577254 0.504971 0.043899
-0.258097 0.756624 -0.540313 0.490059 0.090140
-0.262949 1.850261 -0.296260 0.383752 0.671263
-0.264109 1.903712 -0.297336 0.382405 0.697548
-0.265638 1.790924 -0.292568 0.386060 0.643889
-0.325319 1.799102 -0.287600 0.415932 0.650057
-0.322329 1.858313 -0.286787 0.413561 0.676844
-0.321842 1.910046 -0.285457 0.411657 0.701863
-0.224488 1.265770 -0.306596 0.399333 0.385167
-0.239787 1.339495 -0.295291 0.398768 0.424194
-0.205647 1.190762 -0.320465 0.400542 0.345465
-0.300924 1.182559 -0.313076 0.451165 0.353032
-0.310316 1.258425 -0.309501 0.445034 0.390080
-0.316498 1.329933 -0.309014 0.440194 0.425626
-0.143722 0.903063 -0.464997 0.418021 0.169473
-0.157484 0.847612 -0.528536 0.428530 0.124526
-0.248260 0.819243 -0.469482 0.483439 0.141456
-0.244777 0.882400 -0.400662 0.477061 0.192034
-0.250549 2.077293 -0.276058 0.366348 0.786692
-0.216960 1.995010 -0.302691 0.351582 0.743053
-0.258079 2.039917 -0.286498 0.371724 0.767122
-0.264694 1.999437 -0.291436 0.376899 0.746302
-0.312780 2.038719 -0.275093 0.401330 0.767726
-0.305971 2.074243 -0.263210 0.396124 0.786365
-0.251908 1.417078 -0.288885 0.397808 0.464384
-0.259869 1.498008 -0.284334 0.395104 0.505031
-0.319519 1.412843 -0.306932 0.434434 0.467422
-0.319476 1.498179 -0.298624 0.426805 0.510110
-0.145033 1.037999 -0.366772 0.396983 0.259449
-0.134315 0.966411 -0.408584 0.404684 0.214784
-0.251724 0.947859 -0.359336 0.470064 0.233558
-0.266313 1.019026 -0.338242 0.463014 0.271493
-0.225038 2.194706 -0.175757 0.355300 0.864146
-0.198419 2.150211 -0.246752 0.337901 0.827278
-0.234888 2.177999 -0.207534 0.357905 0.846751
-0.241854 2.150662 -0.234112 0.359907 0.827814
-0.277697 2.170692 -0.195822 0.381731 0.845224
-0.263254 2.188662 -0.159908 0.375577 0.863992
-0.221359 2.205204 -0.120937 0.355484 0.884937
-0.211748 2.204340 -0.063341 0.360758 0.913770
-0.246972 2.198595 -0.114952 0.370962 0.884572
-0.228963 2.201345 -0.057934 0.370788 0.912457
-0.266867 1.575689 -0.281337 0.393051 0.543745
-0.270733 1.650881 -0.281559 0.391159 0.579904
-0.324861 1.575676 -0.289233 0.422982 0.548893
-0.328705 1.651022 -0.284265 0.420550 0.584753
-0.175669 1.112982 -0.339159 0.398229 0.302962
-0.284956 1.100182 -0.321518 0.456956 0.312593
-0.177524 2.190493 0.032930 0.365119 0.969179
-0.195377 2.198012 -0.008784 0.365514 0.943683
-0.183848 2.188691 0.034002 0.368729 0.968156
-0.184513 2.200825 -0.011726 0.359282 0.944854
-0.206516 2.195882 -0.006459 0.371719 0.942089
-0.189782 2.186842 0.035424 0.372212 0.967409
-0.163364 2.194213 0.031916 0.357908 0.971887
-0.173037 2.204451 -0.012891 0.353104 0.946935
-0.170495 2.192696 0.032263 0.361415 0.970430
-0.161227 2.208478 -0.015571 0.346421 0.948488
-0.174325 2.173859 0.072309 0.371949 0.991639
-0.182508 2.177671 0.061834 0.374003 0.984356
-0.180178 2.171761 0.071445 0.375230 0.990414
-0.165344 2.190063 0.048974 0.361813 0.979824
-0.169261 2.189394 0.050629 0.363986 0.979703
-0.166502 2.182383 0.063737 0.365374 0.987561
-0.175191 2.180931 0.061205 0.369582 0.984964
-0.175643 2.187037 0.050895 0.367288 0.978748
-0.181360 2.185078 0.049997 0.370587 0.977061
-0.184963 2.183554 0.050059 0.372476 0.976450
-0.266301 1.953869 -0.295006 0.380534 0.722999
-0.211244 1.945082 -0.310949 0.354827 0.718005
-0.321179 1.957389 -0.284677 0.409456 0.725872
-0.318180 2.000304 -0.282116 0.406027 0.747923
-0.200469 2.116463 -0.270417 0.338913 0.807047
-0.246967 2.115351 -0.256168 0.362186 0.807148
-0.299136 2.108927 -0.245156 0.391075 0.805261
-0.290019 2.142498 -0.223721 0.386630 0.825252
-0.167206 1.938623 -0.317186 0.331986 0.713987
0.029332 1.840153 -0.327737 0.232938 0.661352
-0.042881 1.836620 -0.325087 0.271060 0.660666
0.178042 1.940001 -0.315786 0.156293 0.711996
0.289645 1.947787 -0.306798 0.099507 0.715427
0.224142 1.942575 -0.313013 0.131493 0.712992
0.285983 1.894872 -0.310808 0.097904 0.689729
0.138482 1.940353 -0.322779 0.175804 0.712957
0.081278 1.840205 -0.327082 0.205179 0.660516
-0.269758 1.723841 -0.285881 0.388677 0.613659
-0.215712 1.717784 -0.286240 0.362308 0.606902
-0.328244 1.727385 -0.285699 0.418181 0.619230
-0.160773 2.115144 -0.284776 0.319313 0.805214
0.001733 2.028921 -0.336617 0.247789 0.758899
-0.050541 2.028558 -0.335642 0.273629 0.759007
0.186846 2.105581 -0.290259 0.157554 0.799192
0.267953 2.135631 -0.251910 0.114539 0.819972
0.232420 2.104249 -0.283679 0.134745 0.798745
0.279545 2.102106 -0.269623 0.108624 0.800398
0.140136 2.110108 -0.296479 0.180774 0.801297
0.045877 2.029981 -0.332740 0.225294 0.759491
-0.113954 1.710259 -0.302456 0.311031 0.597935
-0.163464 1.773015 -0.299442 0.335361 0.630826
-0.167236 1.712194 -0.289319 0.338737 0.601130
-0.029324 1.576643 -0.314980 0.270001 0.525907
0.055932 1.583099 -0.324403 0.225113 0.524304
0.193987 1.721585 -0.294046 0.145497 0.594000
0.297391 1.739807 -0.272664 0.088133 0.599191
0.238901 1.729602 -0.280400 0.119902 0.595576
0.304730 1.677686 -0.252370 0.083717 0.564000
0.164247 1.716835 -0.307143 0.163385 0.593626
0.106861 1.586317 -0.322308 0.198503 0.523150
0.191271 2.172210 0.063389 0.114759 0.995158
0.192314 2.174646 0.060791 0.115447 0.990851
0.186586 2.173934 0.066141 0.117013 0.997690
-0.178636 2.170469 0.082772 0.375989 0.996532
-0.174713 2.169904 0.088106 0.374683 0.999927
-0.171255 2.172870 0.083559 0.371847 0.997955
-0.168379 2.175780 0.072255 0.368611 0.992430
0.198009 2.189394 0.028913 0.118549 0.970155
0.636738 0.723985 -0.560924 0.000073 0.000073
0.372253 1.339415 -0.273644 0.068753 0.362625
0.550562 0.944015 -0.408383 0.035908 0.143947
0.291443 1.990901 -0.307490 0.100296 0.739023
0.227363 2.200178 -0.074374 0.120576 0.915798
-0.288721 0.578109 -0.586114 0.535356 0.000073
Indices:
0 1 2
3 4 0
4 5 6
4 7 1
3 8 9
10 11 8
8 12 13
9 13 5
14 15 11
16 17 15
15 18 19
11 19 12
20 21 17
22 23 21
21 24 25
17 25 18
26 27 23
28 27 29
27 30 31
23 31 24
32 33 28
34 35 32
36 37 35
35 30 33
38 39 40
41 42 39
39 43 44
40 44 45
46 47 48
49 50 47
47 51 52
48 52 53
54 55 56
57 58 54
59 60 58
58 61 55
62 59 57
63 64 62
65 66 64
64 67 59
68 69 53
70 71 68
72 73 71
71 43 69
74 75 76
77 78 75
75 79 80
76 80 81
82 31 30
83 84 82
85 86 84
84 24 31
87 13 12
88 89 87
90 91 89
89 5 13
92 93 61
94 95 92
96 97 95
95 51 93
98 99 37
100 99 101
102 82 99
99 30 37
103 19 18
104 105 103
106 87 105
105 12 19
80 66 81
80 107 108
107 109 108
108 67 66
45 110 111
112 113 110
110 100 101
111 101 98
86 25 24
114 115 86
116 103 115
115 18 25
91 6 5
117 118 91
118 119 120
6 120 7
121 122 117
123 124 121
125 126 124
124 119 122
127 72 70
127 128 129
129 130 131
129 132 72
133 85 83
134 135 133
135 136 137
135 114 85
138 90 88
138 139 140
139 121 140
140 117 90
94 141 96
142 141 143
144 145 141
96 145 146
147 102 100
148 149 147
150 133 149
149 83 102
151 106 104
152 153 151
154 138 153
153 88 106
79 155 107
156 155 157
158 159 155
155 160 107
161 162 78
163 164 162
164 157 162
78 157 79
165 166 113
167 168 166
168 147 166
113 147 100
137 116 114
137 169 170
169 151 170
170 104 116
171 172 173
174 175 172
175 163 172
173 163 161
176 177 178
179 173 177
177 161 77
178 77 74
180 181 182
183 184 180
185 184 186
182 187 180
188 189 187
180 189 183
2 190 0
191 190 192
190 193 194
0 194 3
3 195 10
194 196 195
195 197 198
10 198 14
14 199 16
198 200 199
199 201 202
16 202 20
20 203 22
202 204 203
203 205 206
22 206 26
26 207 29
205 207 206
208 209 207
207 28 29
209 32 28
210 211 209
212 213 211
211 34 32
214 41 38
215 216 214
216 217 218
216 219 41
220 49 46
220 221 222
222 223 224
222 225 49
226 54 56
227 228 226
229 230 228
228 57 54
230 62 57
231 232 230
233 234 232
232 63 62
235 236 237
217 238 235
238 239 240
236 240 241
242 243 244
245 246 243
243 247 248
244 248 249
210 250 251
208 252 250
250 253 254
251 254 255
196 256 197
193 257 196
258 259 257
257 260 256
261 262 227
223 263 261
264 265 263
263 266 262
267 268 269
212 251 268
268 255 270
269 270 271
200 272 201
197 273 200
256 274 273
273 275 272
233 246 276
231 277 233
278 279 277
277 247 246
215 280 281
282 269 280
280 271 283
281 283 284
205 285 252
204 272 285
285 275 286
252 286 253
193 287 258
288 289 287
287 290 291
287 292 258
291 293 292
290 294 291
295 296 294
294 297 293
241 298 299
240 300 298
298 301 302
299 302 303
255 304 305
254 306 304
304 307 308
305 308 309
259 310 260
292 311 259
293 312 311
310 312 313
265 314 266
315 316 265
317 318 316
316 319 314
271 320 321
270 305 320
305 322 320
320 323 321
274 324 275
260 325 274
325 313 326
324 326 327
279 328 247
329 330 279
331 332 330
330 333 328
249 334 335
248 328 334
328 336 334
335 336 337
284 338 339
283 321 338
338 323 340
339 340 341
253 342 306
286 324 342
342 327 343
306 343 307
344 345 346
347 335 345
335 348 345
345 349 346
350 351 352
353 244 351
244 347 351
352 347 344
354 355 356
357 358 359
360 358 361
344 362 361
362 360 361
363 355 362
315 364 317
365 299 364
364 303 366
364 367 317
368 331 329
266 369 368
314 370 369
369 371 331
221 264 223
237 372 221
372 241 365
264 365 315
218 373 219
218 235 374
374 237 220
374 46 373
145 375 146
145 376 377
377 378 127
377 70 375
97 52 51
146 379 97
375 68 379
379 53 52
219 380 42
373 48 380
380 53 69
42 69 43
239 381 300
382 339 381
381 341 383
300 383 301
229 278 231
227 384 229
262 368 384
278 368 329
224 385 225
224 261 386
261 226 386
386 56 385
159 387 160
388 389 159
390 143 389
389 94 387
109 60 67
160 391 109
387 92 391
391 61 60
225 392 50
385 55 392
392 61 93
50 93 51
393 394 217
393 281 395
395 284 382
394 382 239
34 396 397
267 396 213
282 214 396
397 214 38
131 398 132
131 399 400
400 401 167
398 167 165
73 44 43
132 402 73
402 165 112
402 45 44
397 36 34
397 40 403
403 45 111
403 98 36
404 405 182
406 182 181
406 404 182
354 407 408
409 354 408
344 358 352
360 410 359
363 346 349
352 357 350
183 174 171
171 186 183
185 179 176
411 189 188
0 4 1
3 9 4
4 9 5
4 6 7
3 10 8
10 14 11
8 11 12
9 8 13
14 16 15
16 20 17
15 17 18
11 15 19
20 22 21
22 26 23
21 23 24
17 21 25
26 29 27
28 33 27
27 33 30
23 27 31
32 35 33
34 36 35
36 98 37
35 37 30
38 41 39
41 219 42
39 42 43
40 39 44
46 49 47
49 225 50
47 50 51
48 47 52
54 58 55
57 59 58
59 67 60
58 60 61
62 64 59
63 65 64
65 81 66
64 66 67
68 71 69
70 72 71
72 132 73
71 73 43
74 77 75
77 161 78
75 78 79
76 75 80
82 84 31
83 85 84
85 114 86
84 86 24
87 89 13
88 90 89
90 117 91
89 91 5
92 95 93
94 96 95
96 146 97
95 97 51
98 101 99
100 102 99
102 83 82
99 82 30
103 105 19
104 106 105
106 88 87
105 87 12
80 108 66
80 79 107
107 160 109
108 109 67
45 112 110
112 165 113
110 113 100
111 110 101
86 115 25
114 116 115
116 104 103
115 103 18
91 118 6
117 122 118
118 122 119
6 118 120
121 124 122
123 125 124
125 412 126
124 126 119
127 129 72
127 378 128
129 128 130
129 131 132
133 135 85
134 413 135
135 413 136
135 137 114
138 140 90
138 414 139
139 123 121
140 121 117
94 143 141
142 144 141
144 415 145
96 141 145
147 149 102
148 150 149
150 134 133
149 133 83
151 153 106
152 154 153
154 414 138
153 138 88
79 157 155
156 158 155
158 388 159
155 159 160
161 163 162
163 416 164
164 156 157
78 162 157
165 167 166
167 401 168
168 148 147
113 166 147
137 170 116
137 136 169
169 152 151
170 151 104
171 174 172
174 411 175
175 416 163
173 172 163
176 179 177
179 171 173
177 173 161
178 177 77
180 184 181
183 186 184
182 405 187
180 187 189
2 192 190
191 288 190
190 288 193
0 190 194
3 194 195
194 193 196
195 196 197
10 195 198
14 198 199
198 197 200
199 200 201
16 199 202
20 202 203
202 201 204
203 204 205
22 203 206
26 206 207
205 208 207
208 210 209
207 209 28
209 211 32
210 212 211
212 267 213
211 213 34
214 216 41
215 393 216
216 393 217
216 218 219
220 222 49
220 237 221
222 221 223
222 224 225
226 228 54
227 229 228
229 231 230
228 230 57
230 232 62
231 233 232
233 276 234
232 234 63
235 238 236
217 394 238
238 394 239
236 238 240
242 245 243
245 276 246
243 246 247
244 243 248
210 208 250
208 205 252
250 252 253
251 250 254
196 257 256
193 258 257
258 292 259
257 259 260
261 263 262
223 264 263
264 315 265
263 265 266
267 212 268
212 210 251
268 251 255
269 268 270
200 273 272
197 256 273
256 260 274
273 274 275
233 277 246
231 278 277
278 329 279
277 279 247
215 282 280
282 267 269
280 269 271
281 280 283
205 204 285
204 201 272
285 272 275
252 285 286
193 288 287
288 191 289
287 289 290
287 291 292
291 294 293
290 295 294
295 417 296
294 296 297
241 240 298
240 239 300
298 300 301
299 298 302
255 254 304
254 253 306
304 306 307
305 304 308
259 311 310
292 293 311
293 297 312
310 311 312
265 316 314
315 317 316
317 367 318
316 318 319
271 270 320
270 255 305
305 309 322
320 322 323
274 325 324
260 310 325
325 310 313
324 325 326
279 330 328
329 331 330
331 371 332
330 332 333
249 248 334
248 247 328
328 333 336
335 334 336
284 283 338
283 271 321
338 321 323
339 338 340
253 286 342
286 275 324
342 324 327
306 342 343
344 347 345
347 249 335
335 337 348
345 348 349
350 353 351
353 242 244
244 249 347
352 351 347
354 360 355
360 359 358
344 346 362
362 355 360
315 365 364
365 241 299
364 299 303
364 366 367
368 369 331
266 314 369
314 319 370
369 370 371
221 372 264
237 236 372
372 236 241
264 372 365
218 374 373
218 217 235
374 235 237
374 220 46
145 377 375
145 415 376
377 376 378
377 127 70
97 379 52
146 375 379
375 70 68
379 68 53
219 373 380
373 46 48
380 48 53
42 380 69
239 382 381
382 284 339
381 339 341
300 381 383
229 384 278
227 262 384
262 266 368
278 384 368
224 386 385
224 223 261
261 227 226
386 226 56
159 389 387
388 390 389
390 142 143
389 143 94
109 391 60
160 387 391
387 94 92
391 92 61
225 385 392
385 56 55
392 55 61
50 392 93
393 395 394
393 215 281
395 281 284
394 395 382
34 213 396
267 282 396
282 215 214
397 396 214
131 400 398
131 130 399
400 399 401
398 400 167
73 402 44
132 398 402
402 398 165
402 112 45
397 403 36
397 38 40
403 40 45
403 111 98
354 356 407
409 410 354
344 361 358
360 354 410
363 362 346
352 358 357
183 189 174
171 179 186
185 186 179
411 174 189