Material: sword_mat
BaseColor: sword_mat_BaseColor
Normal: sword_mat_Normal
Roughness: sword_mat_Roughness
Metallic: sword_mat_Metallic
Alpha: None
Emissive: None
Vertices:
-0.000000 2.010614 0.392497 0.908921 0.262793
0.017403 2.007335 0.375094 0.901345 0.298517
0.009418 2.007335 0.369759 0.888303 0.292799
0.022738 2.007335 0.383079 0.915591 0.298587
0.024611 2.007335 0.392497 0.928870 0.293445
0.022738 2.007335 0.401915 0.938945 0.283385
0.017403 2.007335 0.409900 0.944692 0.270358
0.009418 2.007335 0.415235 0.944748 0.256122
0.000000 2.007335 0.417108 0.939567 0.242860
-0.009418 2.007335 0.415235 0.929534 0.232751
-0.017403 2.007335 0.409900 0.916482 0.227037
-0.022738 2.007335 0.401915 0.902233 0.226989
-0.024611 2.007335 0.392497 0.888961 0.232149
-0.022738 2.007335 0.383079 0.878901 0.242222
-0.017403 2.007335 0.375094 0.873174 0.255252
-0.009418 2.007335 0.369759 0.873124 0.269479
0.000000 2.007335 0.367886 0.878265 0.282730
0.014275 2.000537 0.358034 0.875974 0.310772
0.000000 2.000537 0.355195 0.859952 0.294635
0.011520 1.928802 0.364686 0.749011 0.747849
0.019634 1.907409 0.372863 0.763373 0.783967
0.010626 1.907409 0.366844 0.746615 0.782186
-0.017493 1.982753 0.350264 0.703668 0.659873
0.000000 1.991184 0.347251 0.729666 0.645952
0.000000 1.982753 0.346784 0.729674 0.658865
-0.031994 1.991184 0.360503 0.676012 0.650169
-0.032324 1.982753 0.360173 0.677779 0.662809
-0.041802 1.991184 0.375182 0.649117 0.654909
-0.042233 1.982753 0.375004 0.651787 0.667671
-0.045246 1.991184 0.392497 0.622017 0.661456
-0.045713 1.982753 0.392497 0.625163 0.674594
-0.042233 1.982753 0.409990 0.935079 0.890640
-0.045246 1.991184 0.392497 0.941314 0.919865
-0.045713 1.982753 0.392497 0.928427 0.916843
-0.031994 1.991184 0.424491 0.952507 0.866881
-0.032324 1.982753 0.424821 0.940194 0.865032
-0.017315 1.991184 0.434299 0.955566 0.840284
-0.017493 1.982753 0.434730 0.942895 0.839241
0.000000 1.991184 0.437743 0.956858 0.813184
0.000000 1.982753 0.438210 0.943945 0.813191
0.017493 1.982753 0.434730 0.942937 0.787185
0.031994 1.991184 0.424491 0.952641 0.759530
0.032324 1.982753 0.424821 0.940001 0.761297
0.041802 1.991184 0.409812 0.947901 0.732634
0.042233 1.982753 0.409990 0.935139 0.735305
0.045246 1.991184 0.392497 0.941354 0.705534
0.045713 1.982753 0.392497 0.928216 0.708681
0.042233 1.982753 0.375004 0.807122 0.667730
0.045246 1.991184 0.392497 0.836348 0.661496
0.045713 1.982753 0.392497 0.833325 0.674383
0.031994 1.991184 0.360503 0.783363 0.650303
0.032324 1.982753 0.360173 0.781514 0.662616
0.017315 1.991184 0.350695 0.756767 0.647244
0.017493 1.982753 0.350264 0.755723 0.659915
0.027811 1.928802 0.380977 0.786704 0.753178
0.021286 1.928802 0.371211 0.768001 0.749919
0.027766 1.907409 0.392497 0.796686 0.790579
0.025653 1.907409 0.381871 0.780052 0.786814
0.027811 1.928802 0.404017 0.849179 0.756643
0.027766 1.907409 0.392497 0.812231 0.747162
0.030103 1.928802 0.392497 0.844476 0.738771
0.019634 1.907409 0.412131 0.818958 0.779945
0.025653 1.907409 0.403123 0.816110 0.763481
0.011520 1.928802 0.420308 0.854856 0.794205
0.021286 1.928802 0.413783 0.852655 0.775257
0.000000 1.907409 0.420263 0.821247 0.813341
0.010626 1.907409 0.418150 0.820691 0.796585
-0.011520 1.928802 0.420308 0.854961 0.832528
0.000000 1.928802 0.422600 0.855543 0.813352
-0.019634 1.907409 0.412131 0.818843 0.846891
-0.010626 1.907409 0.418150 0.820624 0.830133
-0.027811 1.928802 0.404017 0.849632 0.870222
-0.021286 1.928802 0.413783 0.852891 0.851519
-0.027766 1.907409 0.392497 0.812231 0.880204
-0.025653 1.907409 0.403123 0.815996 0.863569
-0.027811 1.928802 0.380977 0.673125 0.753631
-0.027766 1.907409 0.392497 0.663645 0.790579
-0.030103 1.928802 0.392497 0.655254 0.758334
-0.019634 1.907409 0.372863 0.696427 0.783852
-0.025653 1.907409 0.381871 0.679964 0.786700
-0.011520 1.928802 0.364686 0.710687 0.747954
-0.021286 1.928802 0.371211 0.691739 0.750155
0.000000 1.907409 0.364731 0.729823 0.781563
-0.010626 1.907409 0.366844 0.713068 0.782119
0.017315 1.991184 0.350695 0.864228 0.327347
0.000000 1.991184 0.347251 0.843276 0.305446
0.014705 1.962462 0.356996 0.753208 0.692205
0.035501 1.962462 0.377792 0.799539 0.699429
0.027172 1.962462 0.365325 0.776500 0.695018
0.030103 1.928802 0.392497 0.804863 0.757702
0.035501 1.962462 0.407202 0.902911 0.743305
0.038426 1.962462 0.392497 0.896025 0.720506
0.014705 1.962462 0.427998 0.910552 0.789744
0.027172 1.962462 0.419669 0.907668 0.766422
-0.014705 1.962462 0.427998 0.910604 0.836726
0.000000 1.962462 0.430923 0.911335 0.813233
-0.035501 1.962462 0.407202 0.903380 0.883057
-0.027172 1.962462 0.419669 0.907791 0.860018
-0.030103 1.928802 0.392497 0.845108 0.888381
-0.035501 1.962462 0.377792 0.659787 0.699899
-0.038426 1.962462 0.392497 0.636988 0.706785
-0.014705 1.962462 0.356996 0.706227 0.692257
-0.027172 1.962462 0.365325 0.682905 0.695142
0.000000 1.928802 0.362394 0.729834 0.747266
0.000000 1.962462 0.354071 0.729716 0.691475
-0.014275 2.000537 0.358034 0.851714 0.273465
-0.026377 2.000537 0.366120 0.851937 0.250775
-0.034463 2.000537 0.378222 0.861020 0.230001
-0.037302 2.000537 0.392497 0.876981 0.213807
-0.038426 1.962462 0.392497 0.896828 0.905580
-0.034463 2.000537 0.406772 0.898233 0.205520
-0.026377 2.000537 0.418874 0.920939 0.205926
-0.014275 2.000537 0.426960 0.941954 0.214646
0.000000 2.000537 0.429799 0.957650 0.231104
0.014275 2.000537 0.426960 0.966317 0.252103
0.026377 2.000537 0.418874 0.965948 0.274876
0.034463 2.000537 0.406772 0.956811 0.295631
0.037302 2.000537 0.392497 0.940828 0.311803
0.038426 1.962462 0.392497 0.822062 0.705982
0.034463 2.000537 0.378222 0.919561 0.320063
0.026377 2.000537 0.366120 0.896859 0.319595
0.041802 1.991184 0.375182 0.923532 0.340076
0.031994 1.991184 0.360503 0.892519 0.339907
0.041802 1.991184 0.409812 0.973904 0.307265
0.045246 1.991184 0.392497 0.951808 0.328612
0.017315 1.991184 0.434299 0.986014 0.248403
0.031994 1.991184 0.424491 0.985865 0.278792
-0.017315 1.991184 0.434299 0.953385 0.198028
0.000000 1.991184 0.437743 0.974880 0.219911
-0.041802 1.991184 0.409812 0.894237 0.185538
-0.031994 1.991184 0.424491 0.925177 0.185666
-0.041802 1.991184 0.375182 0.843884 0.218383
-0.045246 1.991184 0.392497 0.865985 0.197008
-0.017315 1.991184 0.350695 0.831945 0.277465
-0.031994 1.991184 0.360503 0.831945 0.246935
-0.017315 1.991184 0.350695 0.702694 0.647352
-0.041802 1.991184 0.409812 0.947627 0.893293
0.017315 1.991184 0.434299 0.955457 0.786212
0.041802 1.991184 0.375182 0.809775 0.655182
-0.013053 1.910074 0.360984 0.083323 0.022138
0.000000 1.904173 0.358388 0.093077 0.001121
-0.013053 1.904173 0.360984 0.092325 0.022339
0.024119 1.910074 0.368378 0.083464 0.280408
0.031513 1.904173 0.379444 0.092500 0.260941
0.024119 1.904173 0.368378 0.092395 0.280544
0.031513 1.910074 0.379444 0.083448 0.260761
0.034109 1.904173 0.392497 0.092522 0.240905
0.034109 1.910074 0.392497 0.083347 0.240736
0.031513 1.904173 0.405550 0.092564 0.220498
0.031513 1.910074 0.405550 0.083389 0.220329
0.024119 1.904173 0.416616 0.092460 0.200474
0.024119 1.910074 0.416616 0.083409 0.200295
0.013053 1.904173 0.424010 0.092425 0.180836
0.013053 1.910074 0.424010 0.083502 0.180712
0.000000 1.904173 0.426606 0.092335 0.161265
0.000000 1.910074 0.426606 0.083425 0.161152
-0.013053 1.904173 0.424010 0.092237 0.141705
-0.013053 1.910074 0.424010 0.083327 0.141592
-0.024119 1.904173 0.416616 0.092160 0.122145
-0.024119 1.910074 0.416616 0.083237 0.122021
-0.031513 1.904173 0.405550 0.092253 0.102562
-0.031513 1.910074 0.405550 0.083202 0.102383
-0.034109 1.904173 0.392497 0.092274 0.082528
-0.034109 1.910074 0.392497 0.083098 0.082358
-0.031513 1.904173 0.379444 0.092318 0.062121
-0.031513 1.910074 0.379444 0.083142 0.061949
-0.024119 1.904173 0.368378 0.092232 0.042088
-0.024119 1.910074 0.368378 0.083173 0.041897
0.013053 1.910074 0.360984 0.083425 0.300087
0.013053 1.904173 0.360984 0.092413 0.300280
0.000000 1.904173 0.358388 0.092780 0.321441
0.011837 1.901057 0.363920 0.099511 0.300150
-0.000000 1.901057 0.361566 0.100308 0.320213
0.000000 1.910074 0.358388 0.082679 0.321294
0.011837 1.913191 0.363920 0.076494 0.299945
0.021872 1.913191 0.370625 0.076501 0.280418
0.028577 1.901057 0.380660 0.099309 0.261024
0.021872 1.901057 0.370625 0.099350 0.280522
0.028577 1.913191 0.380660 0.076389 0.260790
0.030931 1.913191 0.392497 0.076146 0.240777
0.028577 1.901057 0.404334 0.099764 0.220457
0.030931 1.901057 0.392497 0.099969 0.240949
0.028577 1.913191 0.404334 0.075942 0.220286
0.021872 1.913191 0.414369 0.076603 0.200212
0.011837 1.901057 0.421074 0.099397 0.180807
0.021872 1.901057 0.414369 0.099520 0.200443
0.011837 1.913191 0.421074 0.076568 0.180727
-0.000000 1.913191 0.423428 0.076474 0.161180
-0.011837 1.901057 0.421074 0.099188 0.141677
0.000000 1.901057 0.423428 0.099290 0.161236
-0.011837 1.913191 0.421074 0.076371 0.141621
-0.021872 1.913191 0.414369 0.076265 0.122050
-0.028577 1.901057 0.404334 0.099059 0.102645
-0.021872 1.901057 0.414369 0.099094 0.122130
-0.028577 1.913191 0.404334 0.076141 0.102414
-0.030931 1.913191 0.392497 0.075897 0.082399
-0.028577 1.901057 0.380660 0.099517 0.062082
-0.030931 1.901057 0.392497 0.099720 0.082572
-0.028577 1.913191 0.380660 0.075692 0.061906
-0.021872 1.913191 0.370625 0.076345 0.041824
-0.011837 1.901057 0.363920 0.099272 0.022481
-0.021872 1.901057 0.370625 0.099285 0.042075
-0.011837 1.913191 0.363920 0.076241 0.022257
0.000000 1.910074 0.358388 0.082974 0.000977
0.000000 1.913191 0.361566 0.075449 0.002203
0.000000 1.913191 0.361566 0.331361 0.161997
0.007552 1.913191 0.374266 0.353123 0.169698
0.011837 1.913191 0.363920 0.338576 0.179417
-0.007552 1.913191 0.374266 0.348519 0.146556
0.000000 1.913191 0.372764 0.348519 0.158584
-0.021872 1.913191 0.370625 0.338576 0.125723
-0.011837 1.913191 0.363920 0.331361 0.143143
-0.018231 1.913191 0.384945 0.361628 0.126937
-0.013953 1.913191 0.378544 0.353123 0.135442
-0.030931 1.913191 0.392497 0.369328 0.105175
-0.028577 1.913191 0.380660 0.351909 0.112390
-0.018231 1.913191 0.400048 0.384770 0.122334
-0.019733 1.913191 0.392497 0.372741 0.122334
-0.021872 1.913191 0.414369 0.405603 0.112390
-0.028577 1.913191 0.404334 0.388183 0.105175
-0.007552 1.913191 0.410728 0.404389 0.135442
-0.013953 1.913191 0.406450 0.395883 0.126937
-0.000000 1.913191 0.423428 0.426151 0.143143
-0.011837 1.913191 0.421074 0.418935 0.125723
0.007552 1.913191 0.410728 0.408992 0.158584
-0.000000 1.913191 0.412230 0.408992 0.146556
0.021872 1.913191 0.414369 0.418935 0.179417
0.011837 1.913191 0.421074 0.426151 0.161998
0.018231 1.913191 0.400048 0.395883 0.178203
0.013953 1.913191 0.406450 0.404389 0.169697
0.030931 1.913191 0.392497 0.388183 0.199965
0.028577 1.913191 0.404334 0.405603 0.192750
0.018231 1.913191 0.384945 0.372741 0.182806
0.019733 1.913191 0.392497 0.384770 0.182806
0.021872 1.913191 0.370625 0.351909 0.192750
0.028577 1.913191 0.380660 0.369328 0.199965
0.013953 1.913191 0.378544 0.361628 0.178203
-0.000000 1.901057 0.361566 0.615848 0.704784
0.007552 1.901057 0.374266 0.614634 0.727836
-0.000000 1.901057 0.372764 0.606129 0.719331
0.021872 1.901057 0.370625 0.636396 0.735536
0.011837 1.901057 0.363920 0.629181 0.718117
0.018231 1.901057 0.384945 0.619238 0.750978
0.013953 1.901057 0.378544 0.619238 0.738949
0.030931 1.901057 0.392497 0.629181 0.771811
0.028577 1.901057 0.380660 0.636396 0.754391
0.018231 1.901057 0.400048 0.606129 0.770597
0.019733 1.901057 0.392497 0.614634 0.762091
0.021872 1.901057 0.414369 0.598429 0.792359
0.028577 1.901057 0.404334 0.615848 0.785143
0.007552 1.901057 0.410728 0.582987 0.775200
0.013953 1.901057 0.406450 0.595016 0.775200
0.000000 1.901057 0.423428 0.562154 0.785143
0.011837 1.901057 0.421074 0.579574 0.792359
-0.007552 1.901057 0.410728 0.563368 0.762091
0.000000 1.901057 0.412230 0.571874 0.770597
-0.021872 1.901057 0.414369 0.541606 0.754391
-0.011837 1.901057 0.421074 0.548822 0.771811
-0.018231 1.901057 0.400048 0.558765 0.738949
-0.013953 1.901057 0.406450 0.558765 0.750978
-0.030931 1.901057 0.392497 0.548822 0.718117
-0.028577 1.901057 0.404334 0.541606 0.735536
-0.018231 1.901057 0.384945 0.571874 0.719331
-0.019733 1.901057 0.392497 0.563368 0.727836
-0.021872 1.901057 0.370625 0.579574 0.697569
-0.028577 1.901057 0.380660 0.562154 0.704784
-0.007552 1.901057 0.374266 0.595016 0.714727
-0.013953 1.901057 0.378544 0.582987 0.714727
-0.011837 1.901057 0.363920 0.598429 0.697569
0.000000 1.913191 0.361566 0.075449 0.319888
-0.000000 1.901057 0.361566 0.100312 0.002526
0.023690 1.614011 0.401537 0.761882 0.178117
0.014549 1.585090 0.408014 0.744033 0.131739
0.025302 1.584707 0.401526 0.764229 0.131032
0.022829 1.647158 0.401574 0.760390 0.230684
0.013622 1.614059 0.407999 0.742774 0.178133
0.013127 1.647158 0.408053 0.742018 0.230656
-0.000000 1.614088 0.410417 0.720679 0.178260
-0.000000 1.585320 0.410454 0.720417 0.132266
0.022367 1.680945 0.401599 0.759700 0.283634
0.022132 1.714733 0.401622 0.759571 0.336272
0.012861 1.680945 0.408095 0.741728 0.283676
0.012726 1.714733 0.408133 0.741766 0.336386
-0.000000 1.680945 0.410522 0.721282 0.283779
0.000000 1.647158 0.410475 0.720979 0.230740
0.022026 1.748520 0.401662 0.759872 0.388910
0.022069 1.782308 0.401742 0.760654 0.441871
0.012665 1.748520 0.408200 0.742044 0.389107
0.012690 1.782308 0.408321 0.742594 0.442182
0.000000 1.748520 0.410642 0.721884 0.389264
0.000000 1.714733 0.410566 0.721583 0.336513
-0.000000 1.551752 0.373969 0.845987 0.091131
0.015972 1.563700 0.376819 0.818528 0.103650
0.017297 1.550604 0.376551 0.820936 0.083787
-0.000000 1.564389 0.374313 0.842172 0.109321
0.014549 1.585090 0.376980 0.814925 0.136422
0.025302 1.584707 0.383467 0.795520 0.133111
0.027777 1.562551 0.383415 0.798275 0.097947
0.030081 1.548692 0.383293 0.800085 0.076163
0.027243 1.613992 0.392497 0.777342 0.178494
0.029098 1.584554 0.392497 0.779985 0.131303
0.023690 1.614011 0.383456 0.792668 0.179478
0.026253 1.647158 0.392497 0.775620 0.230905
0.022829 1.647158 0.383420 0.790767 0.231407
0.025722 1.680945 0.392497 0.774810 0.283699
0.022367 1.680945 0.383395 0.789866 0.283908
0.025452 1.714733 0.392497 0.774655 0.336208
0.022132 1.714733 0.383372 0.789694 0.336204
0.025330 1.748520 0.392497 0.775051 0.388713
0.022026 1.748520 0.383332 0.790178 0.388504
0.025380 1.782308 0.392497 0.776084 0.441492
0.022069 1.782308 0.383252 0.791435 0.441018
0.025647 1.815894 0.392497 0.778008 0.494473
0.022302 1.815894 0.383014 0.793885 0.493625
0.026138 1.848270 0.392497 0.781037 0.545935
0.022302 1.815894 0.401980 0.762013 0.495146
0.039207 1.539897 0.392497 0.199101 0.922108
0.036548 1.536630 0.405243 0.214062 0.906966
0.042030 1.535926 0.392497 0.205412 0.927261
0.039207 1.539897 0.392497 0.280746 0.023161
0.036548 1.536644 0.379750 0.295704 0.038306
0.034093 1.540761 0.380531 0.289348 0.041978
0.000000 1.585320 0.374540 0.837071 0.139945
0.013622 1.614059 0.376995 0.811263 0.181120
-0.000000 1.614088 0.374577 0.832343 0.183010
0.013127 1.647158 0.376941 0.808829 0.232215
-0.000000 1.647158 0.374519 0.829256 0.233169
0.012861 1.680945 0.376899 0.807636 0.284256
0.000000 1.680945 0.374472 0.827686 0.284666
0.012726 1.714733 0.376860 0.807333 0.336235
0.000000 1.714733 0.374428 0.827191 0.336263
0.012665 1.748520 0.376793 0.807813 0.388235
0.000000 1.748520 0.374352 0.827596 0.387895
0.012690 1.782308 0.376673 0.809208 0.440357
0.000000 1.782308 0.374221 0.829052 0.439525
0.012824 1.815894 0.376329 0.812003 0.492405
0.000000 1.815894 0.373862 0.832083 0.490804
0.013069 1.848270 0.375016 0.817093 0.542738
0.022729 1.848270 0.382099 0.798354 0.544614
0.022729 1.848270 0.402894 0.763576 0.547062
0.012824 1.815894 0.408665 0.743456 0.495649
0.013069 1.848270 0.409978 0.744308 0.547864
-0.000000 1.815894 0.411132 0.722492 0.495899
-0.000000 1.782308 0.410773 0.722187 0.442379
0.023331 1.878630 0.404891 0.764741 0.595540
0.024028 1.907781 0.407533 0.765632 0.640941
0.013415 1.878630 0.412849 0.744712 0.596714
0.013816 1.907781 0.416652 0.744841 0.642449
-0.000000 1.878630 0.415499 0.723070 0.597150
-0.000000 1.848270 0.412501 0.722791 0.548192
0.026830 1.878630 0.392497 0.784897 0.593847
0.023331 1.878630 0.380103 0.804956 0.592044
0.027632 1.907781 0.392497 0.789026 0.638733
-0.000000 1.848270 0.372493 0.837528 0.540120
0.013415 1.878630 0.372144 0.824597 0.589698
0.000000 1.878630 0.369495 0.845419 0.586224
0.013816 1.907781 0.368342 0.833258 0.634209
0.024028 1.907781 0.377461 0.812484 0.636662
0.019604 1.542885 0.412869 0.208837 0.878312
-0.000000 1.539453 0.417417 0.215701 0.849232
0.021015 1.538394 0.414155 0.215880 0.880384
0.034093 1.540750 0.404462 0.207700 0.903297
0.000000 1.517732 0.368977 0.331730 0.096034
0.023256 1.528047 0.370802 0.312844 0.059900
0.024422 1.517574 0.372069 0.329332 0.055462
-0.000000 1.528656 0.367541 0.313852 0.096034
0.021015 1.538435 0.370836 0.297504 0.064894
0.040446 1.527033 0.379723 0.309268 0.030147
0.042473 1.517309 0.380491 0.323633 0.022987
0.046512 1.526627 0.392497 0.301758 0.008612
0.048844 1.517203 0.392497 0.316307 0.001581
0.042030 1.535926 0.392497 0.287056 0.018003
0.040446 1.527023 0.405270 0.227623 0.915113
0.046512 1.526627 0.392497 0.220115 0.936640
0.042473 1.517306 0.404503 0.241978 0.922257
0.048844 1.517203 0.392497 0.234664 0.943659
0.024422 1.517563 0.412924 0.247663 0.889791
0.023256 1.528018 0.414190 0.231207 0.885367
0.000000 1.528615 0.417450 0.232221 0.849232
0.000000 1.517718 0.416016 0.250053 0.849232
0.027777 1.562551 0.401579 0.766876 0.095399
0.017297 1.550604 0.408443 0.746778 0.077343
0.030081 1.548692 0.401700 0.768819 0.073474
0.015972 1.563700 0.408175 0.745562 0.097708
-0.000000 1.564389 0.410681 0.720228 0.099143
-0.000000 1.551752 0.411025 0.720117 0.079631
0.031944 1.562092 0.392497 0.782745 0.095090
0.034594 1.547927 0.392497 0.784664 0.072549
0.031736 1.541696 0.402204 0.769673 0.062673
-0.000000 1.545339 0.373060 0.848283 0.081900
0.036497 1.540785 0.392497 0.195889 0.918559
0.031736 1.541696 0.402204 0.202590 0.902140
0.018248 1.543973 0.375739 0.284361 0.067313
0.000000 1.544207 0.369029 0.289876 0.096034
-0.000000 1.545339 0.373060 0.283689 0.096034
0.000000 1.545339 0.411934 0.720061 0.069955
0.031736 1.541696 0.382790 0.801124 0.065403
0.000000 1.544167 0.415962 0.208239 0.849232
0.018248 1.543973 0.409254 0.202709 0.877960
0.000000 1.545339 0.411934 0.202036 0.849232
0.036497 1.540785 0.392497 0.277534 0.026711
0.031736 1.541696 0.382790 0.284241 0.043133
-0.000000 1.545339 0.373060 0.591984 0.083363
-0.017297 1.550604 0.376551 0.619351 0.084938
-0.000000 1.551752 0.373969 0.594385 0.092567
0.018248 1.543973 0.409254 0.747362 0.067228
-0.018248 1.543973 0.375739 0.284361 0.124755
0.019604 1.542915 0.372123 0.290480 0.066967
0.000000 1.539510 0.367573 0.297313 0.096034
-0.014549 1.585090 0.408014 0.696797 0.132008
-0.023690 1.614011 0.401537 0.679478 0.178587
-0.025302 1.584707 0.401526 0.676594 0.131532
-0.013622 1.614059 0.407999 0.698585 0.178385
-0.013127 1.647158 0.408053 0.699941 0.230896
-0.022829 1.647158 0.401574 0.681570 0.231133
-0.022367 1.680945 0.401599 0.682864 0.284072
-0.012861 1.680945 0.408095 0.700835 0.283909
-0.012726 1.714733 0.408133 0.701399 0.336616
-0.022132 1.714733 0.401622 0.683594 0.336706
-0.022026 1.748520 0.401662 0.683894 0.389344
-0.012665 1.748520 0.408200 0.701723 0.389337
-0.012690 1.782308 0.408321 0.701779 0.442415
-0.022069 1.782308 0.401742 0.683716 0.442310
-0.015972 1.563700 0.376819 0.621985 0.104772
-0.000000 1.564389 0.374313 0.598408 0.110712
-0.027777 1.562551 0.383415 0.642172 0.098838
-0.025302 1.584707 0.383467 0.645328 0.133969
-0.014549 1.585090 0.376980 0.625963 0.137500
0.000000 1.585320 0.374540 0.603859 0.141276
-0.027243 1.613992 0.392497 0.664023 0.179141
-0.023690 1.614011 0.383456 0.648710 0.180299
-0.029098 1.584554 0.392497 0.660842 0.131983
-0.026253 1.647158 0.392497 0.666343 0.231528
-0.022829 1.647158 0.383420 0.651203 0.232204
-0.025722 1.680945 0.392497 0.667756 0.284310
-0.022367 1.680945 0.383395 0.652704 0.284690
-0.025452 1.714733 0.392497 0.668510 0.336814
-0.022132 1.714733 0.383372 0.653472 0.336982
-0.025330 1.748520 0.392497 0.668713 0.389320
-0.022026 1.748520 0.383332 0.653585 0.389284
-0.025380 1.782308 0.392497 0.668283 0.442107
-0.022069 1.782308 0.383252 0.652928 0.441808
-0.025647 1.815894 0.392497 0.666964 0.495106
-0.022302 1.815894 0.383014 0.651078 0.494440
-0.022302 1.815894 0.401980 0.682966 0.495597
-0.026138 1.848270 0.392497 0.664522 0.546600
-0.022729 1.848270 0.382099 0.647191 0.545476
-0.036548 1.536644 0.379750 0.295704 0.153762
-0.039207 1.539897 0.392497 0.280746 0.168907
-0.034093 1.540761 0.380531 0.289348 0.150090
-0.039207 1.539897 0.392497 0.199101 0.776356
-0.036548 1.536630 0.405243 0.214062 0.791498
-0.034093 1.540750 0.404462 0.207700 0.795167
-0.013622 1.614059 0.376995 0.630134 0.182153
-0.000000 1.614088 0.374577 0.609078 0.184284
-0.013127 1.647158 0.376941 0.633151 0.233217
-0.000000 1.647158 0.374519 0.612737 0.234405
-0.012861 1.680945 0.376899 0.634939 0.285242
0.000000 1.680945 0.374472 0.614894 0.285881
-0.012726 1.714733 0.376860 0.635835 0.337214
0.000000 1.714733 0.374428 0.615979 0.337468
-0.012665 1.748520 0.376793 0.635948 0.389216
0.000000 1.748520 0.374352 0.616163 0.389101
-0.012690 1.782308 0.376673 0.635148 0.441350
0.000000 1.782308 0.374221 0.615296 0.440745
-0.012824 1.815894 0.376329 0.632947 0.493427
0.000000 1.815894 0.373862 0.612850 0.492055
-0.013069 1.848270 0.375016 0.628432 0.543815
-0.000000 1.848270 0.372493 0.607968 0.541430
-0.012824 1.815894 0.408665 0.701527 0.495889
-0.013069 1.848270 0.409978 0.701271 0.548110
-0.022729 1.848270 0.402894 0.681995 0.547527
-0.023331 1.878630 0.404891 0.681383 0.596016
-0.013415 1.878630 0.412849 0.701425 0.596961
-0.013816 1.907781 0.416652 0.701817 0.642694
-0.024028 1.907781 0.407533 0.681011 0.641424
-0.026830 1.878630 0.392497 0.661209 0.594553
-0.023331 1.878630 0.380103 0.641131 0.592979
-0.027632 1.907781 0.392497 0.657593 0.639483
-0.024028 1.907781 0.377461 0.634113 0.637680
-0.013415 1.878630 0.372144 0.621465 0.590858
0.000000 1.878630 0.369495 0.600605 0.587621
-0.013816 1.907781 0.368342 0.613312 0.635464
0.000000 1.907781 0.365525 0.591984 0.631906
-0.021015 1.538394 0.414155 0.215880 0.818080
-0.019604 1.542885 0.412869 0.208837 0.820152
-0.023256 1.528047 0.370802 0.312844 0.132167
-0.024422 1.517574 0.372069 0.329331 0.136605
-0.040446 1.527034 0.379723 0.309268 0.161921
-0.021015 1.538435 0.370836 0.297504 0.127174
-0.042473 1.517309 0.380491 0.323633 0.169080
-0.046512 1.526627 0.392497 0.301758 0.183456
-0.042473 1.517306 0.404503 0.241978 0.776207
-0.046512 1.526627 0.392497 0.220115 0.761824
-0.048844 1.517203 0.392497 0.234664 0.754805
-0.040446 1.527023 0.405270 0.227623 0.783351
-0.042030 1.535926 0.392497 0.205412 0.771203
-0.042030 1.535926 0.392497 0.287056 0.174065
-0.024422 1.517563 0.412924 0.247663 0.808673
-0.023256 1.528018 0.414190 0.231207 0.813097
-0.017297 1.550604 0.408443 0.693430 0.077647
-0.027777 1.562551 0.401579 0.673540 0.095932
-0.030081 1.548692 0.401700 0.671347 0.074031
-0.015972 1.563700 0.408175 0.694879 0.097997
-0.030081 1.548692 0.383293 0.640114 0.077076
-0.031944 1.562092 0.392497 0.657669 0.095804
-0.034594 1.547927 0.392497 0.655493 0.073286
-0.018248 1.543973 0.375739 0.617928 0.074998
-0.031736 1.541696 0.382790 0.638952 0.066329
-0.019604 1.542915 0.372123 0.290480 0.125101
-0.031736 1.541696 0.382790 0.284241 0.148935
-0.036497 1.540785 0.392497 0.277534 0.165356
-0.031736 1.541696 0.402204 0.670369 0.063240
-0.018248 1.543973 0.409254 0.692731 0.067539
-0.036497 1.540785 0.392497 0.195889 0.779905
-0.031736 1.541696 0.402204 0.202590 0.796324
-0.018248 1.543973 0.409254 0.202709 0.820504
0.018248 1.543973 0.375739 0.822246 0.073831
0.000000 1.907781 0.419469 0.723332 0.643019
0.000000 1.907781 0.365525 0.854544 0.630407
0.036497 1.540785 0.392497 0.785631 0.061391
-0.048844 1.517203 0.392497 0.316307 0.190487
-0.036497 1.540785 0.392497 0.654398 0.062140
0.074345 1.521068 0.406356 0.604586 0.305982
0.044846 1.522055 0.417972 0.597446 0.355093
0.076209 1.517037 0.413317 0.591600 0.305327
0.074345 1.521068 0.406356 0.251342 0.487885
0.045856 1.524848 0.394854 0.236283 0.441773
0.045129 1.524922 0.412137 0.263384 0.442392
0.074330 1.521433 0.392695 0.229983 0.486389
0.047312 1.524696 0.373225 0.202312 0.441857
0.073733 1.518373 0.371680 0.265353 0.485639
0.047312 1.524696 0.373225 0.251583 0.525910
0.073813 1.521148 0.376563 0.256712 0.483994
0.047469 1.498323 0.357517 0.301106 0.528634
0.047867 1.521373 0.367297 0.262238 0.526639
0.075473 1.495169 0.362581 0.304568 0.483994
0.048132 1.492865 0.357392 0.309545 0.527435
0.075657 1.488847 0.361876 0.314589 0.483541
0.049350 1.472177 0.367017 0.344720 0.522947
0.079641 1.458573 0.374838 0.366160 0.474029
0.078747 1.473394 0.370130 0.341820 0.476765
0.079621 1.454132 0.377790 0.584426 0.810054
0.052888 1.449235 0.371779 0.541363 0.793277
0.079641 1.458573 0.374838 0.586489 0.801683
0.077111 1.453140 0.392253 0.579298 0.834277
0.055633 1.444482 0.374532 0.540385 0.802923
0.054007 1.443410 0.410230 0.535443 0.863195
0.053490 1.443778 0.390683 0.536234 0.830203
0.078594 1.453862 0.407072 0.580839 0.859289
0.053451 1.448591 0.413210 0.539274 0.871920
0.079550 1.457992 0.410214 0.491850 0.297392
0.051037 1.474162 0.418836 0.517504 0.344023
0.053451 1.448591 0.413210 0.476560 0.338657
0.075820 1.488801 0.423089 0.544198 0.306735
0.078633 1.473314 0.414834 0.516915 0.300289
0.075488 1.494961 0.422579 0.553931 0.307485
0.046325 1.492794 0.427743 0.549004 0.353794
0.045734 1.498285 0.427898 0.557503 0.354952
0.115838 1.510998 0.403189 0.589011 0.240437
0.116526 1.507695 0.407531 0.580345 0.240683
0.115838 1.510998 0.403189 0.242171 0.554352
0.115801 1.510557 0.379925 0.205510 0.552064
0.115947 1.512304 0.391619 0.224010 0.552751
0.115801 1.510557 0.379925 0.272757 0.417691
0.115145 1.506786 0.376743 0.280419 0.419401
0.113655 1.486250 0.366535 0.316529 0.422881
0.113328 1.480887 0.365971 0.325050 0.423153
0.108815 1.456833 0.377064 0.367231 0.427918
0.112495 1.470882 0.371250 0.342974 0.423507
0.106344 1.453452 0.380201 0.628688 0.817194
0.108815 1.456833 0.377064 0.632505 0.809902
0.105479 1.452601 0.392535 0.626350 0.836761
0.106380 1.452605 0.402651 0.626974 0.852939
0.079550 1.457992 0.410214 0.583705 0.867228
0.110560 1.469649 0.413144 0.513697 0.249742
0.107644 1.456994 0.408048 0.491942 0.252983
0.111854 1.480122 0.418820 0.532641 0.248766
0.112898 1.485565 0.418904 0.541304 0.247528
0.167213 1.449333 0.374833 0.371607 0.335280
0.134699 1.447846 0.379356 0.379381 0.386378
0.137756 1.461288 0.373276 0.355917 0.382824
0.161854 1.434742 0.381091 0.719293 0.822813
0.132702 1.444912 0.384742 0.671857 0.827231
0.134699 1.447846 0.379356 0.673859 0.817450
0.161060 1.432164 0.385034 0.719693 0.830016
0.132538 1.444855 0.392785 0.670986 0.839646
0.161404 1.431083 0.392908 0.720344 0.842166
0.133214 1.444994 0.401059 0.671290 0.852423
0.163458 1.433985 0.403834 0.720130 0.860321
0.162178 1.431216 0.399744 0.720769 0.852641
0.169019 1.447646 0.409650 0.485255 0.155400
0.134642 1.448035 0.405651 0.480031 0.209616
0.163458 1.433985 0.403834 0.461331 0.162564
0.172400 1.457357 0.413752 0.502131 0.151152
0.138722 1.460293 0.411384 0.501693 0.204439
0.174067 1.462395 0.412630 0.510304 0.148829
0.141452 1.470916 0.416562 0.520522 0.201177
0.179770 1.478596 0.404564 0.538550 0.139214
0.143471 1.476166 0.415712 0.529004 0.198342
0.181487 1.484199 0.401853 0.548291 0.136302
0.149122 1.493308 0.405859 0.559827 0.188404
0.181713 1.486645 0.392225 0.217530 0.662262
0.150203 1.497788 0.403389 0.238821 0.611796
0.181487 1.484199 0.401853 0.232827 0.664663
0.178281 1.484715 0.382318 0.201626 0.657630
0.150965 1.500093 0.392064 0.220809 0.610334
0.178281 1.484715 0.382318 0.310949 0.318156
0.147918 1.493000 0.378694 0.300185 0.366886
0.150024 1.497360 0.381128 0.292433 0.363315
0.178094 1.479106 0.380223 0.320369 0.318563
0.142575 1.476149 0.368972 0.330442 0.376471
0.172547 1.463517 0.372367 0.347564 0.328046
0.140943 1.470758 0.368609 0.339042 0.378647
0.170645 1.458163 0.371109 0.356262 0.330771
0.210021 1.419984 0.379605 0.411744 0.264729
0.182572 1.421359 0.382327 0.415230 0.307724
0.188956 1.435384 0.377118 0.391104 0.299674
0.196404 1.407405 0.386796 0.784381 0.836334
0.182572 1.421359 0.382327 0.756216 0.826668
0.201739 1.408152 0.382979 0.790675 0.828890
0.195597 1.407203 0.393367 0.783125 0.845934
0.181556 1.418634 0.386575 0.756838 0.834350
0.195789 1.407949 0.398405 0.782351 0.853389
0.181357 1.418187 0.393165 0.756463 0.844306
0.197393 1.411266 0.402133 0.781174 0.861032
0.181648 1.418381 0.398663 0.756258 0.852594
0.197393 1.411266 0.402133 0.431361 0.105402
0.191961 1.433979 0.407851 0.466853 0.117808
0.182783 1.421090 0.402765 0.444016 0.130150
0.210752 1.431733 0.408825 0.466915 0.088943
0.210403 1.420130 0.405500 0.448598 0.086987
0.212275 1.438886 0.408694 0.477824 0.087294
0.194918 1.444171 0.411465 0.484004 0.114593
0.220350 1.455383 0.403003 0.504141 0.074802
0.196128 1.449761 0.410294 0.492924 0.113029
0.222611 1.459084 0.400312 0.510805 0.070491
0.203058 1.465553 0.403605 0.519498 0.101836
0.223955 1.461851 0.391489 0.211160 0.737565
0.205043 1.470455 0.401983 0.230513 0.706985
0.222611 1.459084 0.400312 0.225589 0.739251
0.221296 1.458174 0.382715 0.195718 0.736073
0.206352 1.473602 0.391639 0.213826 0.704988
0.221296 1.458174 0.382715 0.351114 0.249510
0.201654 1.464320 0.380678 0.342449 0.280826
0.202758 1.469629 0.382485 0.333655 0.279013
0.219306 1.452989 0.381278 0.359548 0.252705
0.195953 1.450601 0.374974 0.365457 0.290118
0.212358 1.438729 0.376301 0.382395 0.264107
0.193459 1.445497 0.373392 0.373817 0.293878
0.211523 1.431903 0.376280 0.392732 0.264914
0.134642 1.448035 0.405651 0.671442 0.861102
0.150203 1.497788 0.403389 0.567836 0.186445
0.026446 1.500194 0.430892 0.559803 0.384762
0.024790 1.523139 0.421341 0.597636 0.386522
0.023895 1.526634 0.416014 0.607699 0.387046
0.023356 1.526666 0.394533 0.238082 0.406441
0.023895 1.526634 0.416014 0.271617 0.409475
0.023278 1.526669 0.368668 0.197643 0.403683
0.023278 1.526669 0.368668 0.251267 0.564467
0.022785 1.523306 0.363382 0.260903 0.566090
0.026613 1.499134 0.353694 0.300601 0.561038
0.027489 1.493273 0.354314 0.309506 0.559466
0.027977 1.467952 0.363677 0.351078 0.556787
0.052888 1.449235 0.371779 0.381216 0.516294
0.034496 1.431696 0.368713 0.408384 0.546000
0.034496 1.431696 0.368713 0.502062 0.789412
0.035523 1.423838 0.371906 0.493443 0.799292
0.035005 1.428221 0.391131 0.497288 0.829977
0.036118 1.424934 0.412728 0.493189 0.864167
0.034505 1.432084 0.416229 0.499686 0.874728
0.029813 1.474798 0.422636 0.518427 0.377675
0.034505 1.432084 0.416229 0.450828 0.369147
0.026437 1.494270 0.431552 0.550786 0.384775
0.000000 1.500113 0.432831 0.559399 0.424455
0.000000 1.524156 0.423351 0.598088 0.424455
0.000000 1.527358 0.418817 0.606569 0.424455
0.000000 1.527361 0.393390 0.238677 0.369787
0.000000 1.527358 0.418817 0.278437 0.372379
0.000000 1.527351 0.365918 0.195718 0.366987
0.000000 1.527351 0.365918 0.252294 0.601059
0.000000 1.524189 0.361656 0.260563 0.601059
0.000000 1.499764 0.352042 0.300037 0.601059
0.000000 1.494142 0.351896 0.308554 0.601059
0.000000 1.460985 0.361628 0.361580 0.601059
0.015314 1.403947 0.365478 0.451671 0.576842
0.015314 1.403947 0.365478 0.450347 0.786511
0.014756 1.395544 0.369644 0.439583 0.795272
0.013285 1.402288 0.391175 0.444931 0.828490
0.014835 1.394843 0.413887 0.436830 0.863132
0.013889 1.402810 0.419704 0.445047 0.875132
0.000000 1.475462 0.425804 0.519517 0.424455
0.013889 1.402810 0.419704 0.405230 0.402451
0.000000 1.494689 0.433354 0.551201 0.424455
0.222611 1.459084 0.400312 0.250115 0.963051
0.226941 1.453650 0.391475 0.264763 0.953392
0.223955 1.461851 0.391489 0.264577 0.966988
0.005822 1.392831 0.390651 0.426660 0.827173
0.004903 1.389440 0.420996 0.421497 0.875132
0.005823 1.382885 0.414818 0.415476 0.863711
0.000000 1.381758 0.421459 0.372702 0.424455
0.004903 1.389440 0.420996 0.384562 0.416749
0.005803 1.391641 0.364028 0.427646 0.783903
0.006152 1.383763 0.368517 0.418846 0.793199
0.005803 1.391641 0.364028 0.470810 0.591961
0.000000 1.382902 0.363609 0.484406 0.601059
0.221296 1.458174 0.382715 0.279845 0.962750
0.225092 1.439973 0.400678 0.250115 0.932092
0.225077 1.427403 0.391399 0.265946 0.912875
0.228172 1.440903 0.391752 0.264878 0.934100
0.225341 1.440948 0.384587 0.276986 0.934263
0.225092 1.439973 0.400678 0.481014 0.064174
0.224107 1.454698 0.400506 0.503994 0.067719
0.223352 1.453232 0.383318 0.358668 0.245617
0.223283 1.426899 0.400573 0.251220 0.910798
0.219629 1.413919 0.391585 0.266318 0.890381
0.222936 1.426991 0.384231 0.277747 0.911527
0.217850 1.415909 0.401327 0.250603 0.891177
0.214732 1.405627 0.392061 0.266082 0.875901
0.217468 1.415251 0.383699 0.279223 0.890932
0.207632 1.400486 0.397487 0.803095 0.853381
0.207193 1.399029 0.392805 0.804144 0.846099
0.217850 1.415909 0.401327 0.442119 0.073497
0.209881 1.403754 0.399911 0.421553 0.084127
0.223283 1.426899 0.400573 0.460056 0.065605
0.207979 1.399923 0.388326 0.804664 0.839180
0.217468 1.415251 0.383699 0.419053 0.251327
0.208398 1.403799 0.384220 0.438222 0.264140
0.222936 1.426991 0.384231 0.400031 0.243457
0.202758 1.469629 0.382485 0.197665 0.702128
0.161854 1.434742 0.381091 0.397061 0.342200
0.182783 1.421090 0.402765 0.755036 0.860031
0.205043 1.470455 0.401983 0.527570 0.098701
0.225341 1.440948 0.384587 0.377809 0.240641
0.201739 1.408152 0.382979 0.432351 0.275376
0.207979 1.399923 0.388326 0.272480 0.862665
0.208398 1.403799 0.384220 0.279690 0.868042
0.209881 1.403754 0.399911 0.253700 0.868498
0.207632 1.400486 0.397487 0.257844 0.862385
0.223352 1.453232 0.383318 0.278607 0.954185
0.224107 1.454698 0.400506 0.250127 0.955595
0.209881 1.403754 0.399911 0.803082 0.860321
0.207193 1.399029 0.392805 0.265443 0.860503
0.208398 1.403799 0.384220 0.802510 0.831003
0.000000 1.382902 0.363609 0.412491 0.783911
0.000000 1.378176 0.367917 0.407059 0.791589
0.000000 1.389018 0.390234 0.416163 0.826273
0.000000 1.381758 0.421459 0.408136 0.874173
0.000000 1.378171 0.417171 0.404594 0.866699
-0.044846 1.522055 0.417972 0.597446 0.493817
-0.074345 1.521068 0.406356 0.604586 0.542928
-0.076209 1.517037 0.413317 0.591600 0.543583
-0.074345 1.521068 0.406356 0.266564 0.254333
-0.045856 1.524848 0.394854 0.245648 0.298100
-0.074330 1.521433 0.392695 0.245192 0.253044
-0.047312 1.524696 0.373225 0.211974 0.293607
-0.073813 1.521148 0.376563 0.219917 0.252139
-0.047312 1.524696 0.373225 0.251583 0.676208
-0.073733 1.518373 0.371680 0.265353 0.716479
-0.073813 1.521148 0.376563 0.256712 0.718124
-0.047469 1.498323 0.357517 0.301106 0.673485
-0.075473 1.495169 0.362581 0.304568 0.718124
-0.048132 1.492865 0.357392 0.309545 0.674684
-0.075657 1.488847 0.361876 0.314589 0.718578
-0.049350 1.472177 0.367017 0.344720 0.679171
-0.078747 1.473394 0.370130 0.341820 0.725354
-0.079641 1.458573 0.374838 0.366160 0.728089
-0.052888 1.449235 0.371779 0.684782 0.914050
-0.079621 1.454132 0.377790 0.641719 0.930827
-0.079641 1.458573 0.374838 0.639656 0.922456
-0.055633 1.444482 0.374532 0.685760 0.923697
-0.077111 1.453140 0.392253 0.646847 0.955050
-0.054007 1.443410 0.410230 0.690702 0.983968
-0.078594 1.453862 0.407072 0.645306 0.980062
-0.053451 1.448591 0.413210 0.686871 0.992693
-0.079550 1.457992 0.410214 0.642440 0.988001
-0.079550 1.457992 0.410214 0.491850 0.551518
-0.051037 1.474162 0.418836 0.517504 0.504887
-0.078633 1.473314 0.414834 0.516916 0.548621
-0.075820 1.488801 0.423089 0.544199 0.542175
-0.046325 1.492794 0.427743 0.549004 0.495116
-0.075488 1.494961 0.422579 0.553931 0.541425
-0.045734 1.498285 0.427898 0.557503 0.493958
-0.115838 1.510998 0.403189 0.589012 0.608472
-0.116526 1.507695 0.407531 0.580345 0.608226
-0.115838 1.510998 0.403189 0.266099 0.187237
-0.115947 1.512304 0.391619 0.247884 0.186467
-0.115801 1.510557 0.379925 0.229451 0.184747
-0.115801 1.510557 0.379925 0.272757 0.784427
-0.115145 1.506786 0.376743 0.280419 0.782717
-0.113655 1.486250 0.366535 0.316529 0.779237
-0.113328 1.480887 0.365971 0.325050 0.778966
-0.112495 1.470882 0.371250 0.342974 0.778611
-0.108815 1.456833 0.377064 0.367231 0.774200
-0.106344 1.453452 0.380201 0.597457 0.937967
-0.108815 1.456833 0.377064 0.593641 0.930676
-0.105479 1.452601 0.392535 0.599795 0.957534
-0.106380 1.452605 0.402651 0.599171 0.973712
-0.107644 1.456994 0.408048 0.598368 0.984973
-0.110560 1.469649 0.413144 0.513697 0.599168
-0.107644 1.456994 0.408048 0.491942 0.595927
-0.111854 1.480122 0.418820 0.532641 0.600144
-0.112898 1.485565 0.418904 0.541304 0.601382
-0.167213 1.449333 0.374833 0.371607 0.866838
-0.134699 1.447846 0.379356 0.379381 0.815740
-0.161854 1.434742 0.381091 0.397061 0.859918
-0.161854 1.434742 0.381091 0.506852 0.943587
-0.132702 1.444912 0.384742 0.554288 0.948004
-0.161060 1.432164 0.385034 0.506452 0.950789
-0.132538 1.444855 0.392785 0.555159 0.960419
-0.161404 1.431083 0.392908 0.505801 0.962939
-0.133214 1.444994 0.401059 0.554855 0.973197
-0.162178 1.431216 0.399744 0.505376 0.973414
-0.163458 1.433985 0.403834 0.506015 0.981094
-0.134642 1.448035 0.405651 0.480031 0.639294
-0.169019 1.447646 0.409650 0.485255 0.693510
-0.163458 1.433985 0.403834 0.461331 0.686346
-0.138722 1.460293 0.411384 0.501693 0.644471
-0.172400 1.457357 0.413752 0.502132 0.697758
-0.141452 1.470916 0.416562 0.520523 0.647733
-0.174067 1.462395 0.412630 0.510305 0.700081
-0.143471 1.476166 0.415712 0.529004 0.650568
-0.179770 1.478596 0.404564 0.538550 0.709696
-0.149122 1.493308 0.405859 0.559827 0.660506
-0.181487 1.484199 0.401853 0.548291 0.712608
-0.150203 1.497788 0.403389 0.270234 0.129845
-0.181713 1.486645 0.392225 0.255673 0.077042
-0.181487 1.484199 0.401853 0.271153 0.076647
-0.150965 1.500093 0.392064 0.252185 0.128956
-0.178281 1.484715 0.382318 0.239302 0.079571
-0.178281 1.484715 0.382318 0.310949 0.883962
-0.147918 1.493000 0.378694 0.300185 0.835232
-0.178094 1.479106 0.380223 0.320369 0.883555
-0.142575 1.476149 0.368972 0.330442 0.825647
-0.172547 1.463517 0.372367 0.347564 0.874072
-0.140943 1.470758 0.368609 0.339042 0.823471
-0.170645 1.458163 0.371109 0.356263 0.871347
-0.137756 1.461288 0.373276 0.355917 0.819294
-0.210021 1.419984 0.379605 0.411744 0.937390
-0.182572 1.421359 0.382327 0.415230 0.894394
-0.201739 1.408152 0.382979 0.432351 0.926742
-0.182572 1.421359 0.382327 0.469929 0.947442
-0.196404 1.407405 0.386796 0.441764 0.957107
-0.201739 1.408152 0.382979 0.435470 0.949663
-0.181556 1.418634 0.386575 0.469307 0.955123
-0.195597 1.407203 0.393367 0.443020 0.966707
-0.181357 1.418187 0.393165 0.469682 0.965079
-0.195789 1.407949 0.398405 0.443794 0.974162
-0.181648 1.418381 0.398663 0.469887 0.973367
-0.197393 1.411266 0.402133 0.444971 0.981805
-0.197393 1.411266 0.402133 0.431361 0.743508
-0.191961 1.433979 0.407851 0.466853 0.731102
-0.210403 1.420130 0.405500 0.448599 0.761923
-0.210752 1.431733 0.408825 0.466915 0.759966
-0.194918 1.444171 0.411465 0.484005 0.734317
-0.212275 1.438886 0.408694 0.477825 0.761616
-0.196128 1.449761 0.410294 0.492925 0.735881
-0.220350 1.455383 0.403003 0.504142 0.774108
-0.203058 1.465553 0.403605 0.519498 0.747074
-0.222611 1.459084 0.400312 0.510805 0.778419
-0.205043 1.470455 0.401983 0.274352 0.034383
-0.223955 1.461851 0.391489 0.259132 0.001549
-0.222611 1.459084 0.400312 0.273658 0.001751
-0.206352 1.473602 0.391639 0.257547 0.034197
-0.221296 1.458174 0.382715 0.243627 0.001024
-0.221296 1.458174 0.382715 0.351114 0.952608
-0.201654 1.464320 0.380678 0.342449 0.921292
-0.219306 1.452989 0.381278 0.359548 0.949413
-0.195953 1.450601 0.374974 0.365457 0.912000
-0.212358 1.438729 0.376301 0.382395 0.938011
-0.193459 1.445497 0.373392 0.373817 0.908240
-0.211523 1.431903 0.376280 0.392732 0.937204
-0.188956 1.435384 0.377118 0.391104 0.902444
-0.134699 1.447846 0.379356 0.552286 0.938223
-0.134642 1.448035 0.405651 0.554703 0.981875
-0.150203 1.497788 0.403389 0.567836 0.662465
-0.150024 1.497360 0.381128 0.234640 0.127635
-0.150024 1.497360 0.381128 0.292433 0.838803
-0.026446 1.500194 0.430892 0.559803 0.464148
-0.023895 1.526634 0.416014 0.607699 0.461864
-0.024790 1.523139 0.421341 0.597636 0.462388
-0.023356 1.526666 0.394533 0.242845 0.333366
-0.045129 1.524922 0.412137 0.272599 0.301004
-0.023895 1.526634 0.416014 0.276490 0.334711
-0.023278 1.526669 0.368668 0.251267 0.637651
-0.047867 1.521373 0.367297 0.262238 0.675479
-0.026613 1.499134 0.353694 0.300601 0.641080
-0.022785 1.523306 0.363382 0.260903 0.636029
-0.027489 1.493273 0.354314 0.309506 0.642652
-0.027977 1.467952 0.363677 0.351078 0.645331
-0.052888 1.449235 0.371779 0.381216 0.685824
-0.034496 1.431696 0.368713 0.724083 0.910186
-0.035005 1.428221 0.391131 0.728857 0.950751
-0.035523 1.423838 0.371906 0.732703 0.920065
-0.053490 1.443778 0.390683 0.689911 0.950976
-0.034505 1.432084 0.416229 0.726459 0.995502
-0.036118 1.424934 0.412728 0.732956 0.984940
-0.029813 1.474798 0.422636 0.518427 0.471235
-0.053451 1.448591 0.413210 0.476560 0.510253
-0.034505 1.432084 0.416229 0.450828 0.479763
-0.026437 1.494270 0.431552 0.550786 0.464135
-0.023278 1.526669 0.368668 0.202391 0.330851
-0.034496 1.431696 0.368713 0.408384 0.656118
-0.015314 1.403947 0.365478 0.775799 0.907284
-0.013285 1.402288 0.391175 0.781214 0.949263
-0.014756 1.395544 0.369644 0.786562 0.916046
-0.013889 1.402810 0.419704 0.781098 0.995906
-0.014835 1.394843 0.413887 0.789315 0.983906
-0.013889 1.402810 0.419704 0.405230 0.446459
-0.222611 1.459084 0.400312 0.110978 0.426706
-0.226941 1.453650 0.391475 0.096330 0.417046
-0.224107 1.454698 0.400506 0.110966 0.419249
-0.005822 1.392831 0.390651 0.799485 0.947946
-0.005823 1.382885 0.414818 0.810669 0.984485
-0.006152 1.383763 0.368517 0.807299 0.913973
-0.004903 1.389440 0.420996 0.804648 0.995906
-0.004903 1.389440 0.420996 0.384562 0.432161
-0.005803 1.391641 0.364028 0.798500 0.904676
-0.005803 1.391641 0.364028 0.470810 0.610157
-0.221296 1.458174 0.382715 0.081247 0.426405
-0.223955 1.461851 0.391489 0.096515 0.430643
-0.225077 1.427403 0.391399 0.095147 0.376530
-0.225092 1.439973 0.400678 0.110978 0.395746
-0.228172 1.440903 0.391752 0.096215 0.397754
-0.225341 1.440948 0.384587 0.084107 0.397918
-0.222936 1.426991 0.384231 0.083345 0.375182
-0.224107 1.454698 0.400506 0.503995 0.781191
-0.225092 1.439973 0.400678 0.481014 0.784735
-0.223352 1.453232 0.383318 0.358668 0.956502
-0.223283 1.426899 0.400573 0.109872 0.374452
-0.219629 1.413919 0.391585 0.094774 0.354036
-0.217850 1.415909 0.401327 0.110489 0.354832
-0.214732 1.405627 0.392061 0.095011 0.339556
-0.217468 1.415251 0.383699 0.081870 0.354587
-0.208398 1.403799 0.384220 0.081402 0.331697
-0.207632 1.400486 0.397487 0.423050 0.974154
-0.207193 1.399029 0.392805 0.422001 0.966873
-0.217850 1.415909 0.401327 0.442120 0.775413
-0.209881 1.403754 0.399911 0.421553 0.764783
-0.223283 1.426899 0.400573 0.460056 0.783305
-0.207979 1.399923 0.388326 0.421481 0.959953
-0.208398 1.403799 0.384220 0.438223 0.937979
-0.217468 1.415251 0.383699 0.419053 0.950791
-0.222936 1.426991 0.384231 0.400031 0.958661
-0.202758 1.469629 0.382485 0.241151 0.034935
-0.202758 1.469629 0.382485 0.333655 0.923105
-0.182783 1.421090 0.402765 0.471109 0.980804
-0.182783 1.421090 0.402765 0.444017 0.718760
-0.205043 1.470455 0.401983 0.527570 0.750209
-0.225341 1.440948 0.384587 0.377809 0.961477
-0.207979 1.399923 0.388326 0.088613 0.326319
-0.207632 1.400486 0.397487 0.103249 0.326040
-0.209881 1.403754 0.399911 0.107393 0.332153
-0.209881 1.403754 0.399911 0.423063 0.981094
-0.207193 1.399029 0.392805 0.095649 0.324157
-0.208398 1.403799 0.384220 0.423635 0.951776
0.000000 1.382902 0.363609 0.813654 0.904685
0.000000 1.378176 0.367917 0.819086 0.912363
0.000000 1.389018 0.390234 0.809982 0.947047
0.000000 1.378171 0.417171 0.821551 0.987472
0.000000 1.381758 0.421459 0.818009 0.994947
-0.015314 1.403947 0.365478 0.451671 0.625276
0.045129 1.524922 0.412137 0.607389 0.353098
0.073813 1.521148 0.376563 0.204804 0.484005
0.107644 1.456994 0.408048 0.627777 0.864200
0.150024 1.497360 0.381128 0.203241 0.609367
-0.045129 1.524922 0.412137 0.607389 0.495812
-0.223352 1.453232 0.383318 0.082485 0.417839
0.057050 1.022457 0.392497 0.192290 0.696068
0.040611 1.150346 0.401997 0.178264 0.782432
0.039117 1.022454 0.401578 0.178688 0.695875
0.023031 1.278228 0.412333 0.163313 0.868782
0.042104 1.278238 0.402415 0.177859 0.868984
0.007602 0.023896 0.393905 0.166836 0.020282
0.020437 0.056914 0.392497 0.175504 0.042596
0.013341 0.059680 0.394601 0.170504 0.044471
0.031605 0.389487 0.398434 0.180133 0.267642
0.046709 0.308185 0.392497 0.191644 0.212740
0.047873 0.389476 0.392497 0.191849 0.267747
0.028896 0.233542 0.396936 0.179668 0.162119
0.038829 0.161293 0.392497 0.187348 0.113284
0.044129 0.234739 0.392497 0.190397 0.163018
0.033538 0.552064 0.400065 0.179954 0.377639
0.018415 0.714646 0.409508 0.166760 0.487434
0.035471 0.714642 0.401002 0.179644 0.487595
0.007889 0.094950 0.397806 0.166333 0.068322
0.000000 0.155442 0.397021 0.160192 0.109077
0.000000 0.095012 0.396034 0.160869 0.068253
0.000000 0.023659 0.390157 0.031844 0.020091
0.004174 0.010092 0.391832 0.028855 0.010916
0.000000 0.010092 0.391381 0.031691 0.010896
0.054854 0.877219 0.392497 0.192368 0.597768
0.037404 0.877219 0.401247 0.179160 0.597579
0.000000 0.714650 0.404905 0.153922 0.487201
0.016876 0.552072 0.407633 0.167575 0.377522
0.059113 1.150353 0.392497 0.192337 0.782629
0.022108 1.150340 0.411497 0.164190 0.782235
0.000000 1.278212 0.409342 0.147599 0.868487
0.000000 1.150329 0.407887 0.149034 0.781948
0.052527 0.714638 0.392497 0.192535 0.487755
0.021185 1.022451 0.410660 0.165086 0.695681
0.000000 0.877219 0.405438 0.152098 0.597144
0.019954 0.877220 0.409997 0.165953 0.597389
0.013663 0.232344 0.401375 0.168942 0.161220
0.000000 0.308228 0.398032 0.158480 0.212341
0.000000 0.231565 0.397525 0.159339 0.160516
0.023954 1.406117 0.413170 0.162451 0.955329
0.000000 1.470037 0.411525 0.145446 0.998292
0.000000 1.406095 0.410797 0.146163 0.955025
0.061177 1.278248 0.392497 0.192405 0.869186
0.043597 1.406130 0.402833 0.177470 0.955537
-0.037404 0.877219 0.401247 0.125037 0.596681
-0.021185 1.022451 0.410660 0.135851 0.695197
-0.039117 1.022454 0.401578 0.122250 0.694939
0.000000 0.552081 0.402988 0.155745 0.377281
-0.015337 0.389498 0.404372 0.146723 0.267177
0.000000 0.389512 0.399684 0.157568 0.267303
-0.050200 0.552057 0.392497 0.119162 0.376543
-0.035471 0.714642 0.401002 0.128200 0.486742
-0.052527 0.714638 0.392497 0.115311 0.486475
0.024433 0.158885 0.396252 0.177298 0.111599
0.015337 0.389498 0.404372 0.168412 0.267537
0.030638 0.308198 0.397619 0.180233 0.212643
0.005235 0.059845 0.396550 0.164874 0.044575
0.000000 1.022446 0.406431 0.150469 0.695409
0.000000 -0.002275 0.392497 0.161960 0.002505
0.007070 0.010092 0.392497 0.166666 0.010906
0.004174 0.010092 0.393162 0.164657 0.010916
0.014568 0.308211 0.402742 0.168826 0.212546
0.024416 1.470061 0.413588 0.162024 0.998601
0.044344 1.470076 0.403043 0.177280 0.998812
0.063241 1.406143 0.392497 0.192490 0.955745
0.064273 1.470091 0.392497 0.192535 0.999023
0.012758 0.156478 0.400007 0.169021 0.109944
-0.057050 1.022457 0.392497 0.108649 0.694681
-0.040611 1.150346 0.401997 0.119804 0.781462
-0.059113 1.150353 0.392497 0.105731 0.781192
0.017715 0.092748 0.395152 0.173224 0.066851
0.027541 0.090547 0.392497 0.180110 0.065378
-0.023031 1.278228 0.412333 0.131883 0.868261
-0.042104 1.278238 0.402415 0.117338 0.867980
-0.020437 0.056914 0.392497 0.147094 0.042125
-0.007602 0.023896 0.393905 0.156497 0.020111
-0.013341 0.059680 0.394601 0.152029 0.044165
-0.031605 0.389487 0.398434 0.135005 0.266894
-0.046709 0.308185 0.392497 0.125321 0.211640
-0.030638 0.308198 0.397619 0.136729 0.211922
-0.028896 0.233542 0.396936 0.138969 0.161444
-0.038829 0.161293 0.392497 0.132912 0.112381
-0.024433 0.158885 0.396252 0.143013 0.111031
-0.047873 0.389476 0.392497 0.123292 0.266610
-0.033538 0.552064 0.400065 0.131537 0.376836
-0.018415 0.714646 0.409508 0.141083 0.487008
0.000000 0.059927 0.395445 0.161262 0.044558
-0.005235 0.059845 0.396550 0.157652 0.044455
0.000000 0.023659 0.394837 0.161668 0.020091
-0.054854 0.877219 0.392497 0.111831 0.596432
-0.016876 0.552072 0.407633 0.143913 0.377129
-0.061177 1.278248 0.392497 0.102793 0.867700
-0.022108 1.150340 0.411497 0.133877 0.781732
-0.013663 0.232344 0.401375 0.149719 0.160901
-0.014568 0.308211 0.402742 0.148132 0.212203
-0.023954 1.406117 0.413170 0.129875 0.954789
-0.024416 1.470061 0.413588 0.128867 0.998051
-0.043597 1.406130 0.402833 0.114857 0.954498
-0.063241 1.406143 0.392497 0.099839 0.954208
0.037404 0.877219 0.383747 0.014352 0.597579
0.021185 1.022451 0.374334 0.028426 0.695681
0.039117 1.022454 0.383416 0.014824 0.695875
0.000000 0.552081 0.382006 0.037767 0.377281
0.015337 0.389498 0.380622 0.025100 0.267537
0.000000 0.389512 0.385310 0.035943 0.267303
0.050200 0.552057 0.392497 0.001180 0.377757
0.035471 0.714642 0.383992 0.013868 0.487595
0.052527 0.714638 0.392497 0.000977 0.487755
-0.019954 0.877220 0.409997 0.138243 0.596930
-0.012758 0.156478 0.400007 0.151340 0.109651
-0.004174 0.010092 0.393162 0.158986 0.010822
-0.007070 0.010092 0.392497 0.156978 0.010745
-0.044344 1.470076 0.403043 0.113613 0.997756
0.057050 1.022457 0.392497 0.001222 0.696068
0.040611 1.150346 0.382997 0.015248 0.782432
0.059113 1.150353 0.392497 0.001175 0.782629
-0.044129 0.234739 0.392497 0.128216 0.161987
-0.017715 0.092748 0.395152 0.148568 0.066442
-0.007889 0.094950 0.397806 0.155406 0.068140
-0.027541 0.090547 0.392497 0.141735 0.064742
0.023031 1.278228 0.372661 0.030199 0.868782
0.042104 1.278238 0.382579 0.015653 0.868984
0.020437 0.056914 0.392497 0.018008 0.042596
0.007602 0.023896 0.391089 0.026676 0.020282
0.013341 0.059680 0.390393 0.023008 0.044471
0.031605 0.389487 0.386559 0.013379 0.267642
0.046709 0.308185 0.392497 0.001868 0.212740
0.030638 0.308198 0.387375 0.013279 0.212643
0.028896 0.233542 0.388058 0.013844 0.162119
0.038829 0.161293 0.392497 0.006164 0.113284
0.024433 0.158885 0.388742 0.016214 0.111599
0.047873 0.389476 0.392497 0.001662 0.267747
0.033538 0.552064 0.384929 0.013558 0.377639
0.018415 0.714646 0.375486 0.026752 0.487434
0.000000 0.059927 0.389548 0.032249 0.044558
0.005235 0.059845 0.388444 0.028638 0.044575
-0.004174 0.010092 0.391832 0.034526 0.010822
-0.007602 0.023896 0.391089 0.037015 0.020111
0.054854 0.877219 0.392497 0.001144 0.597768
0.000000 0.714650 0.380088 0.039590 0.487201
0.016876 0.552072 0.377361 0.025937 0.377522
0.061177 1.278248 0.392497 0.001106 0.869186
0.022108 1.150340 0.373497 0.029322 0.782235
0.000000 1.278212 0.375652 0.045913 0.868487
0.000000 1.150329 0.377107 0.044478 0.781948
0.000000 1.022446 0.378562 0.043043 0.695409
0.000000 0.877219 0.379556 0.041413 0.597144
0.013663 0.232344 0.383619 0.024570 0.161220
0.000000 0.308228 0.386962 0.035032 0.212341
0.014568 0.308211 0.382252 0.024685 0.212546
0.023954 1.406117 0.371824 0.031061 0.955329
0.000000 1.470037 0.373469 0.048066 0.998292
0.024416 1.470061 0.371406 0.031488 0.998601
0.043597 1.406130 0.382160 0.016042 0.955537
0.063241 1.406143 0.392497 0.001022 0.955745
0.000000 1.406095 0.374197 0.047348 0.955025
-0.021185 1.022451 0.374334 0.057661 0.695197
-0.037404 0.877219 0.383747 0.068474 0.596681
-0.039117 1.022454 0.383416 0.071262 0.694939
-0.015337 0.389498 0.380622 0.046789 0.267177
-0.016876 0.552072 0.377361 0.049599 0.377129
-0.050200 0.552057 0.392497 0.074350 0.376543
-0.035471 0.714642 0.383992 0.065312 0.486742
-0.033538 0.552064 0.384929 0.061975 0.376836
0.019954 0.877220 0.374997 0.027558 0.597389
0.012758 0.156478 0.384986 0.024491 0.109944
0.000000 -0.002275 0.392497 0.031552 0.002505
0.007070 0.010092 0.392497 0.026846 0.010906
0.044344 1.470076 0.381951 0.016232 0.998812
0.000000 0.231565 0.387469 0.034172 0.160516
-0.057050 1.022457 0.392497 0.084863 0.694681
-0.040611 1.150346 0.382997 0.073708 0.781462
0.044129 0.234739 0.392497 0.003115 0.163018
0.017715 0.092748 0.389842 0.020287 0.066851
0.007889 0.094950 0.387188 0.027178 0.068322
0.027541 0.090547 0.392497 0.013402 0.065378
-0.023031 1.278228 0.372661 0.061629 0.868261
-0.042104 1.278238 0.382579 0.076174 0.867980
-0.020437 0.056914 0.392497 0.046418 0.042125
-0.013341 0.059680 0.390393 0.041483 0.044165
-0.031605 0.389487 0.386559 0.058507 0.266894
-0.046709 0.308185 0.392497 0.068191 0.211640
-0.047873 0.389476 0.392497 0.070220 0.266610
-0.028896 0.233542 0.388058 0.054543 0.161444
-0.038829 0.161293 0.392497 0.060600 0.112381
-0.044129 0.234739 0.392497 0.065296 0.161987
-0.018415 0.714646 0.375486 0.052429 0.487008
-0.007889 0.094950 0.387188 0.038106 0.068140
0.000000 0.155442 0.387973 0.033319 0.109077
0.000000 0.095012 0.388960 0.032642 0.068253
0.000000 0.010092 0.393613 0.161821 0.010896
-0.054854 0.877219 0.392497 0.081681 0.596432
-0.059113 1.150353 0.392497 0.087781 0.781192
-0.022108 1.150340 0.373497 0.059635 0.781732
-0.052527 0.714638 0.392497 0.078201 0.486475
-0.019954 0.877220 0.374997 0.055269 0.596930
-0.013663 0.232344 0.383619 0.043793 0.160901
-0.023954 1.406117 0.371824 0.063637 0.954788
-0.061177 1.278248 0.392497 0.090719 0.867700
-0.043597 1.406130 0.382160 0.078655 0.954498
0.050200 0.552057 0.392497 0.192332 0.377757
-0.024433 0.158885 0.388742 0.050499 0.111031
-0.030638 0.308198 0.387375 0.056783 0.211922
-0.005235 0.059845 0.388444 0.035860 0.044455
-0.007070 0.010092 0.392497 0.036534 0.010745
-0.014568 0.308211 0.382252 0.045379 0.212203
-0.024416 1.470061 0.371406 0.064645 0.998051
-0.044344 1.470076 0.381951 0.079899 0.997756
-0.063241 1.406143 0.392497 0.093673 0.954208
-0.064273 1.470091 0.392497 0.095154 0.997462
-0.012758 0.156478 0.384986 0.042172 0.109651
-0.017715 0.092748 0.389842 0.044944 0.066442
-0.027541 0.090547 0.392497 0.051777 0.064742
-0.012276 0.023280 0.392497 0.153221 0.019562
0.012276 0.023280 0.392497 0.023384 0.019843
0.012276 0.023280 0.392497 0.170128 0.019843
-0.064273 1.470091 0.392497 0.098358 0.997461
0.064273 1.470091 0.392497 0.000977 0.999023
-0.012276 0.023280 0.392497 0.040290 0.019562
Indices:
0 1 2
0 3 1
0 4 3
0 5 4
0 6 5
0 7 6
0 8 7
0 9 8
0 10 9
0 11 10
0 12 11
0 13 12
0 14 13
0 15 14
0 16 15
16 17 18
19 20 21
0 2 16
22 23 24
25 22 26
27 26 28
29 28 30
31 32 33
34 31 35
36 35 37
38 37 39
40 38 39
41 40 42
43 42 44
45 44 46
47 48 49
50 47 51
52 51 53
54 20 55
54 56 57
58 59 60
58 61 62
63 61 64
63 65 66
67 65 68
67 69 70
71 69 72
71 73 74
75 76 77
75 78 79
80 78 81
80 82 83
18 84 85
86 55 19
87 55 88
87 89 54
90 60 91
90 64 58
92 64 93
92 68 63
94 68 95
94 72 67
96 72 97
96 98 71
99 77 100
99 81 75
101 81 102
101 103 80
23 53 24
53 104 24
22 104 101
105 16 18
22 102 26
14 105 106
28 102 99
107 14 106
28 100 30
12 107 108
31 109 96
110 12 108
31 97 35
10 110 111
37 97 94
112 10 111
37 95 39
8 112 113
40 95 92
114 8 113
40 93 42
6 114 115
44 93 90
116 6 115
44 91 46
4 116 117
47 118 87
119 4 117
47 88 51
1 119 120
53 88 86
17 1 120
120 84 17
120 121 122
117 121 119
117 123 124
115 123 116
115 125 126
113 125 114
113 127 128
111 127 112
111 129 130
108 129 110
108 131 132
106 131 107
106 133 134
18 133 105
86 103 104
19 82 103
16 2 17
19 55 20
22 135 23
25 135 22
27 25 26
29 27 28
31 136 32
34 136 31
36 34 35
38 36 37
40 137 38
41 137 40
43 41 42
45 43 44
47 138 48
50 138 47
52 50 51
54 57 20
54 89 56
58 62 59
58 64 61
63 66 61
63 68 65
67 70 65
67 72 69
71 74 69
71 98 73
75 79 76
75 81 78
80 83 78
80 103 82
18 17 84
86 88 55
87 54 55
87 118 89
90 58 60
90 93 64
92 63 64
92 95 68
94 67 68
94 97 72
96 71 72
96 109 98
99 75 77
99 102 81
101 80 81
101 104 103
23 52 53
53 86 104
22 24 104
105 15 16
22 101 102
14 15 105
28 26 102
107 13 14
28 99 100
12 13 107
31 33 109
110 11 12
31 96 97
10 11 110
37 35 97
112 9 10
37 94 95
8 9 112
40 39 95
114 7 8
40 92 93
6 7 114
44 42 93
116 5 6
44 90 91
4 5 116
47 49 118
119 3 4
47 87 88
1 3 119
53 51 88
17 2 1
120 122 84
120 119 121
117 124 121
117 116 123
115 126 123
115 114 125
113 128 125
113 112 127
111 130 127
111 110 129
108 132 129
108 107 131
106 134 131
106 105 133
18 85 133
86 19 103
19 21 82
139 140 141
142 143 144
145 146 143
147 148 146
149 150 148
151 152 150
153 154 152
155 156 154
157 158 156
159 160 158
161 162 160
163 164 162
165 166 164
167 141 166
168 144 169
170 171 172
173 174 168
144 171 169
142 174 175
144 176 177
142 178 145
146 176 143
147 178 179
146 180 181
147 182 149
150 180 148
151 182 183
150 184 185
151 186 153
154 184 152
155 186 187
154 188 189
155 190 157
158 188 156
159 190 191
158 192 193
159 194 161
162 192 160
163 194 195
162 196 197
163 198 165
166 196 164
167 198 199
166 200 201
167 202 139
140 200 141
203 202 204
205 206 207
205 208 209
210 208 211
210 212 213
214 212 215
214 216 217
218 216 219
218 220 221
222 220 223
222 224 225
226 224 227
226 228 229
230 228 231
230 232 233
234 232 235
234 206 236
237 238 239
240 238 241
240 242 243
244 242 245
244 246 247
248 246 249
248 250 251
252 250 253
252 254 255
256 254 257
256 258 259
260 258 261
260 262 263
264 262 265
264 266 267
237 266 268
173 169 170
139 203 140
142 145 143
145 147 146
147 149 148
149 151 150
151 153 152
153 155 154
155 157 156
157 159 158
159 161 160
161 163 162
163 165 164
165 167 166
167 139 141
168 142 144
170 169 171
173 269 174
144 177 171
142 168 174
144 143 176
142 175 178
146 181 176
147 145 178
146 148 180
147 179 182
150 185 180
151 149 182
150 152 184
151 183 186
154 189 184
155 153 186
154 156 188
155 187 190
158 193 188
159 157 190
158 160 192
159 191 194
162 197 192
163 161 194
162 164 196
163 195 198
166 201 196
167 165 198
166 141 200
167 199 202
140 270 200
203 139 202
205 209 206
205 211 208
210 213 208
210 215 212
214 217 212
214 219 216
218 221 216
218 223 220
222 225 220
222 227 224
226 229 224
226 231 228
230 233 228
230 235 232
234 236 232
234 207 206
237 241 238
240 243 238
240 245 242
244 247 242
244 249 246
248 251 246
248 253 250
252 255 250
252 257 254
256 259 254
256 261 258
260 263 258
260 265 262
264 267 262
264 268 266
237 239 266
173 168 169
271 272 273
274 275 271
276 277 275
275 278 272
279 276 274
280 281 279
282 283 281
281 284 276
285 282 280
286 287 285
288 289 287
287 290 282
291 292 293
294 295 292
292 296 297
293 297 298
296 299 300
301 302 299
302 271 299
299 273 300
303 304 302
305 306 304
306 279 304
304 274 302
307 308 306
309 310 308
310 285 308
308 280 306
311 312 310
313 314 312
314 315 312
312 286 310
316 317 318
319 320 321
322 323 295
324 325 323
323 303 301
295 301 296
326 327 325
328 329 327
327 307 305
325 305 303
330 331 329
332 333 331
331 311 309
329 309 307
334 335 333
336 337 335
335 338 313
333 313 311
315 288 286
339 340 315
341 342 340
340 343 288
344 341 339
345 346 344
347 348 346
346 349 341
338 350 314
351 352 350
352 344 350
350 339 314
353 354 337
355 356 354
354 357 351
337 351 338
358 359 360
361 360 317
362 363 364
365 366 363
363 320 367
364 367 368
368 369 370
367 371 369
318 372 373
373 374 375
372 376 374
317 377 372
360 378 377
377 379 376
380 381 382
273 383 380
272 384 383
383 385 381
298 386 387
297 300 386
300 380 386
386 382 387
388 387 382
293 389 291
361 390 391
392 393 394
395 381 385
387 396 298
397 398 399
400 321 401
402 403 404
405 382 381
393 406 394
358 391 398
321 366 407
407 408 393
409 410 411
278 412 409
277 413 412
412 414 410
413 415 414
284 416 413
283 417 416
416 418 415
417 419 418
290 420 417
289 421 420
420 422 419
404 423 424
403 425 423
423 426 427
424 427 428
426 429 430
411 429 431
410 432 429
430 432 433
433 434 435
414 434 432
415 436 434
435 436 437
437 438 439
418 438 436
419 440 438
439 440 441
441 442 443
422 442 440
444 445 442
443 445 446
447 448 449
450 451 452
428 453 454
427 430 453
453 433 455
454 455 456
456 457 458
455 435 457
457 437 459
458 459 460
460 461 462
459 439 461
461 441 463
462 463 464
464 465 466
463 443 465
465 446 467
466 467 468
421 444 422
343 469 421
342 470 469
469 471 444
470 472 471
349 473 470
348 474 473
473 475 472
446 476 477
471 476 445
472 478 476
477 478 479
468 480 481
467 477 480
480 479 482
481 482 483
401 407 392
452 484 485
485 359 397
362 486 365
487 488 486
486 447 489
365 489 408
490 491 488
492 493 494
495 496 493
488 497 447
498 495 492
379 499 498
378 484 499
499 451 495
500 501 502
385 503 500
384 409 503
503 411 501
504 505 425
502 505 506
501 431 505
425 431 426
507 504 403
508 506 504
509 510 406
449 511 510
506 512 502
502 513 500
452 514 450
515 485 516
500 395 385
397 516 485
408 509 393
489 449 509
298 517 293
271 275 272
274 276 275
276 284 277
275 277 278
279 281 276
280 282 281
282 290 283
281 283 284
285 287 282
286 288 287
288 343 289
287 289 290
291 294 292
294 322 295
292 295 296
293 292 297
296 301 299
301 303 302
302 274 271
299 271 273
303 305 304
305 307 306
306 280 279
304 279 274
307 309 308
309 311 310
310 286 285
308 285 280
311 313 312
313 338 314
314 339 315
312 315 286
316 361 317
319 371 320
322 324 323
324 326 325
323 325 303
295 323 301
326 328 327
328 330 329
327 329 307
325 327 305
330 332 331
332 334 333
331 333 311
329 331 309
334 336 335
336 353 337
335 337 338
333 335 313
315 340 288
339 341 340
341 349 342
340 342 343
344 346 341
345 347 346
347 518 348
346 348 349
338 351 350
351 357 352
352 345 344
350 344 339
353 355 354
355 519 356
354 356 357
337 354 351
358 397 359
361 358 360
362 365 363
365 408 366
363 366 320
364 363 367
368 367 369
367 320 371
318 317 372
373 372 374
372 377 376
317 360 377
360 359 378
377 378 379
380 383 381
273 272 383
272 278 384
383 384 385
298 297 386
297 296 300
300 273 380
386 380 382
388 520 387
293 517 389
361 316 390
392 407 393
395 405 381
387 520 396
397 358 398
400 319 321
402 507 403
405 388 382
393 509 406
358 361 391
321 320 366
407 366 408
409 412 410
278 277 412
277 284 413
412 413 414
413 416 415
284 283 416
283 290 417
416 417 418
417 420 419
290 289 420
289 343 421
420 421 422
404 403 423
403 504 425
423 425 426
424 423 427
426 431 429
411 410 429
410 414 432
430 429 432
433 432 434
414 415 434
415 418 436
435 434 436
437 436 438
418 419 438
419 422 440
439 438 440
441 440 442
422 444 442
444 471 445
443 442 445
447 497 448
450 496 451
428 427 453
427 426 430
453 430 433
454 453 455
456 455 457
455 433 435
457 435 437
458 457 459
460 459 461
459 437 439
461 439 441
462 461 463
464 463 465
463 441 443
465 443 446
466 465 467
421 469 444
343 342 469
342 349 470
469 470 471
470 473 472
349 348 473
348 518 474
473 474 475
446 445 476
471 472 476
472 475 478
477 476 478
468 467 480
467 446 477
480 477 479
481 480 482
401 321 407
452 451 484
485 484 359
362 487 486
487 490 488
486 488 447
365 486 489
490 521 491
492 495 493
495 451 496
488 491 497
498 499 495
379 378 499
378 359 484
499 484 451
500 503 501
385 384 503
384 278 409
503 409 411
504 506 505
502 501 505
501 411 431
425 505 431
507 508 504
508 522 506
509 449 510
449 448 511
506 522 512
502 512 513
452 515 514
515 452 485
500 513 395
397 399 516
408 489 509
489 447 449
298 396 517
523 524 525
526 527 528
529 530 527
531 532 533
531 534 535
536 537 534
538 539 537
540 539 541
542 543 544
545 546 542
545 547 548
549 550 547
551 552 553
554 552 555
556 557 554
525 558 556
559 525 560
561 529 526
562 529 563
564 531 533
565 536 531
566 538 536
567 541 538
568 541 569
570 544 571
572 542 570
572 549 545
573 574 549
575 551 576
577 555 575
578 554 577
560 556 578
579 580 581
582 583 584
585 586 583
587 588 586
589 588 590
591 592 593
594 595 591
596 597 594
598 599 596
600 601 598
602 603 604
605 606 602
607 608 609
610 611 608
612 613 611
614 581 613
615 616 617
618 619 620
621 622 618
623 624 621
625 626 623
627 628 629
630 628 631
632 633 630
634 635 632
636 637 634
638 639 640
641 642 638
643 644 645
646 647 644
648 649 647
650 617 649
581 568 569
583 571 584
583 572 570
586 573 572
651 573 588
595 576 592
597 575 595
599 577 597
601 578 599
652 560 601
606 561 603
606 562 563
609 565 564
608 566 565
611 567 566
613 569 567
653 524 654
524 655 654
528 656 657
656 530 658
659 535 660
535 661 660
534 662 661
537 663 662
663 664 665
666 546 667
546 668 667
668 547 669
547 670 669
553 671 672
671 557 673
673 558 653
674 654 675
675 655 676
657 677 678
677 658 679
680 660 681
660 682 681
661 683 682
683 663 684
684 665 685
686 667 687
667 688 687
688 669 689
669 690 689
672 691 692
691 673 693
673 674 693
694 695 696
689 697 688
697 687 688
689 698 699
691 700 701
702 687 703
704 705 684
695 706 696
707 708 709
708 710 709
634 711 712
646 643 713
714 715 708
715 716 708
717 718 715
718 719 715
720 623 721
621 721 623
722 631 723
631 724 630
724 632 630
632 711 634
618 721 621
725 721 618
615 726 727
615 728 726
642 604 639
729 602 642
645 610 607
644 612 610
647 614 612
649 579 614
617 730 579
619 585 582
622 587 585
624 590 587
731 590 626
628 593 629
633 591 628
635 594 633
637 596 635
732 598 637
648 728 650
733 648 646
631 627 723
734 615 727
735 736 718
718 737 738
695 710 739
707 695 740
741 623 720
742 718 738
725 620 743
742 735 718
636 634 712
733 646 713
744 703 745
746 703 697
699 746 697
699 747 748
685 704 684
692 691 701
749 750 751
752 753 754
754 755 756
757 758 759
758 760 761
761 762 763
763 764 765
764 766 765
767 768 769
770 771 768
771 772 773
773 774 775
776 777 778
777 779 778
780 781 779
782 751 781
751 783 784
785 754 786
754 787 786
788 758 789
789 761 790
790 763 791
791 765 792
765 793 792
769 794 795
768 796 794
796 773 797
797 775 798
776 799 800
778 801 799
779 802 801
781 784 802
803 804 805
806 807 808
808 809 810
810 811 812
811 813 812
814 815 816
817 818 815
819 820 818
821 822 820
823 824 822
825 826 827
828 829 826
830 831 832
832 833 834
834 835 836
836 837 803
838 839 840
841 842 843
844 845 842
846 847 845
848 849 847
850 851 852
851 853 852
854 855 853
856 857 855
858 859 857
860 861 862
863 864 861
865 866 867
867 868 869
869 870 871
871 872 838
837 793 804
795 807 873
807 796 809
809 797 811
797 874 811
800 817 814
799 819 817
801 821 819
802 823 821
784 875 823
785 828 825
828 787 876
877 789 831
831 790 833
833 791 835
835 792 837
878 749 782
879 749 880
881 882 883
881 755 753
884 885 757
886 885 887
888 760 886
889 762 888
889 890 764
891 770 767
892 770 893
892 772 894
895 772 896
897 898 899
897 780 777
900 782 780
674 880 878
675 879 880
677 883 678
677 901 881
680 887 884
682 887 681
683 886 682
683 889 888
684 902 889
903 893 891
904 893 905
904 896 892
906 896 907
691 899 908
691 900 897
674 900 693
909 910 911
907 912 913
912 905 914
907 915 906
691 916 700
905 917 914
918 684 705
919 910 920
921 922 923
921 924 925
857 926 927
867 928 865
929 930 931
925 930 921
932 931 930
932 933 934
935 936 847
845 847 936
937 938 852
852 939 937
855 939 853
855 857 927
842 845 936
940 842 936
838 941 942
943 838 942
827 863 860
826 944 863
945 832 866
866 834 868
868 836 870
870 803 872
872 805 839
841 808 844
844 810 846
846 812 848
812 946 848
816 851 947
815 854 851
818 856 854
820 858 856
822 948 858
869 943 949
949 867 869
852 938 850
840 941 838
950 932 934
932 951 952
910 924 923
910 922 911
953 847 849
954 951 932
843 940 955
954 932 950
859 926 857
949 928 867
914 956 957
958 914 957
913 958 959
913 960 915
961 684 918
908 916 691
523 962 524
526 529 527
529 963 530
531 535 532
531 536 534
536 538 537
538 541 539
540 664 539
542 546 543
545 548 546
545 549 547
549 574 550
551 555 552
554 557 552
556 558 557
525 524 558
559 523 525
561 563 529
562 963 529
564 565 531
565 566 536
566 567 538
567 569 541
568 540 541
570 542 544
572 545 542
572 573 549
573 964 574
575 555 551
577 554 555
578 556 554
560 525 556
579 730 580
582 585 583
585 587 586
587 590 588
589 651 588
591 595 592
594 597 595
596 599 597
598 601 599
600 652 601
602 606 603
605 965 606
607 610 608
610 612 611
612 614 613
614 579 581
615 734 616
618 622 619
621 624 622
623 626 624
625 731 626
627 631 628
630 633 628
632 635 633
634 637 635
636 732 637
638 642 639
641 729 642
643 646 644
646 648 647
648 650 649
650 615 617
581 580 568
583 570 571
583 586 572
586 588 573
651 964 573
595 575 576
597 577 575
599 578 577
601 560 578
652 559 560
606 563 561
606 965 562
609 608 565
608 611 566
611 613 567
613 581 569
653 558 524
524 962 655
528 527 656
656 527 530
659 532 535
535 534 661
534 537 662
537 539 663
663 539 664
666 543 546
546 548 668
668 548 547
547 550 670
553 552 671
671 552 557
673 557 558
674 653 654
675 654 655
657 656 677
677 656 658
680 659 660
660 661 682
661 662 683
683 662 663
684 663 665
686 666 667
667 668 688
688 668 669
669 670 690
672 671 691
691 671 673
673 653 674
694 740 695
689 699 697
697 703 687
689 690 698
702 686 687
695 739 706
707 714 708
708 716 710
714 717 715
715 719 716
717 737 718
718 736 719
631 722 724
724 711 632
615 650 728
642 602 604
729 605 602
645 644 610
644 647 612
647 649 614
649 617 579
617 616 730
619 622 585
622 624 587
624 626 590
731 589 590
628 591 593
633 594 591
635 596 594
637 598 596
732 600 598
648 733 728
695 709 710
707 709 695
741 625 623
725 618 620
744 702 703
746 745 703
699 748 746
699 698 747
749 966 750
752 882 753
754 753 755
757 885 758
758 885 760
761 760 762
763 762 764
764 890 766
767 770 768
770 894 771
771 894 772
773 772 774
776 898 777
777 780 779
780 782 781
782 749 751
751 750 783
785 752 754
754 756 787
788 759 758
789 758 761
790 761 763
791 763 765
765 766 793
769 768 794
768 771 796
796 771 773
797 773 775
776 778 799
778 779 801
779 781 802
781 751 784
803 837 804
806 873 807
808 807 809
810 809 811
811 874 813
814 817 815
817 819 818
819 821 820
821 823 822
823 875 824
825 828 826
828 876 829
830 877 831
832 831 833
834 833 835
836 835 837
838 872 839
841 844 842
844 846 845
846 848 847
848 946 849
850 947 851
851 854 853
854 856 855
856 858 857
858 948 859
860 863 861
863 944 864
865 945 866
867 866 868
869 868 870
871 870 872
837 792 793
795 794 807
807 794 796
809 796 797
797 798 874
800 799 817
799 801 819
801 802 821
802 784 823
784 783 875
785 786 828
828 786 787
877 788 789
831 789 790
833 790 791
835 791 792
878 880 749
879 966 749
881 753 882
881 901 755
884 887 885
886 760 885
888 762 760
889 764 762
889 902 890
891 893 770
892 894 770
892 896 772
895 774 772
897 777 898
897 900 780
900 878 782
674 675 880
675 676 879
677 881 883
677 679 901
680 681 887
682 886 887
683 888 886
683 684 889
684 961 902
903 905 893
904 892 893
904 907 896
906 895 896
691 897 899
691 693 900
674 878 900
909 920 910
907 904 912
912 904 905
907 913 915
905 903 917
919 967 910
921 929 922
921 923 924
929 921 930
925 933 930
932 952 931
932 930 933
852 853 939
855 927 939
943 871 838
827 826 863
826 829 944
945 830 832
866 832 834
868 834 836
870 836 803
872 803 805
841 806 808
844 808 810
846 810 812
812 813 946
816 815 851
815 818 854
818 820 856
820 822 858
822 824 948
869 871 943
910 967 924
910 923 922
953 935 847
843 842 940
914 917 956
958 912 914
913 912 958
913 959 960
968 969 970
971 969 972
973 974 975
976 977 978
979 980 981
978 982 976
983 982 984
985 986 987
988 989 990
991 970 992
993 994 983
995 972 969
996 997 998
999 992 984
998 1000 996
1001 983 1002
1003 1004 1005
994 976 982
1006 1007 1008
1009 1010 972
1008 971 1006
1011 1012 1013
1006 972 1010
1014 1015 1016
1017 1018 1019
996 970 969
1002 984 992
1003 1020 979
1021 1022 976
1023 973 975
1002 1024 1001
1025 1026 1027
1028 1016 1004
1029 1010 1030
1030 1031 1032
1033 1005 986
1028 979 1022
1034 1035 1036
1022 981 977
1033 1037 1020
1020 1038 980
1035 1039 1040
1041 1042 1043
1044 1045 1046
1047 1048 1049
1050 1051 1017
1051 1052 1018
1053 1054 1055
1055 1027 973
1056 1013 1034
993 1057 1014
1036 1040 1058
1059 997 1039
1019 1011 1056
998 1012 1024
1001 1052 993
1060 1004 1061
1044 1057 1051
1062 1007 1063
1058 1064 1065
1008 1039 997
1066 1067 1068
1040 1062 1064
1069 1070 1071
1072 1073 1074
1013 1059 1035
1018 1075 1011
1060 1049 1076
1015 1046 1061
1054 1042 1055
1075 1024 1012
1025 1077 1078
1061 1016 1015
1063 1064 1062
1079 1065 1064
1076 1005 1060
1061 1047 1060
1080 1081 1082
1046 1083 1047
1076 1084 1085
1049 1086 1084
1081 1087 1088
1089 1090 1091
1092 1093 1094
1095 1096 1097
1098 1099 1072
1099 1100 1073
1101 1102 988
988 1103 1104
1105 1068 1080
1106 1107 1069
1082 1088 1108
1109 1110 1087
1074 1066 1105
1111 1067 1112
1113 1100 1106
1114 1115 1116
1092 1107 1099
1117 1118 1119
1108 1120 1121
1122 1087 1110
1123 1124 1125
1088 1117 1120
1069 1126 1127
1128 1129 1130
1068 1109 1081
1073 1131 1066
1114 1097 1132
1070 1094 1116
1102 1090 988
1131 1112 1067
1133 989 1134
1116 1071 1070
1119 1120 1117
1135 1121 1120
1132 1136 1114
1116 1095 1114
1137 1138 1125
1094 1139 1095
1132 1140 1141
1097 1142 1140
1143 1138 1144
1104 1145 1146
1147 1148 1149
1150 1151 1152
1149 1130 1147
1153 1130 1129
1154 1155 1156
1055 1077 1157
1158 1125 1124
1106 1127 1153
1159 1144 1138
1160 1110 1111
1161 1124 1129
1111 1123 1160
1113 1153 1162
1163 1115 1136
1127 1147 1130
1164 1118 1122
1165 1166 1144
1122 1143 1164
1167 984 982
1164 1144 1166
1014 1021 994
1160 1125 1138
1162 1129 1124
1163 1168 1150
1126 1169 1147
1170 1104 1146
1162 1112 1113
1133 1171 1103
1172 1071 1115
1173 1166 1174
1174 1175 1176
1177 1136 1155
1172 1150 1169
1169 1152 1148
1177 1178 1168
1168 1179 1151
1000 992 970
1170 1156 1101
1155 1141 1156
986 1085 987
1023 987 1053
1055 1023 1053
1026 973 1027
1103 990 1133
1078 1042 1180
990 989 1133
1171 1104 1103
1134 1090 1181
1157 1077 1025
1027 1157 1025
988 1170 1101
1170 1178 1154
1146 1179 1178
1140 1102 1141
1156 1102 1101
1142 1091 1140
1084 1054 1085
987 1054 1053
1086 1043 1084
1023 1037 985
975 1038 1037
968 995 969
971 996 969
973 1182 974
976 1022 977
979 1020 980
978 1167 982
983 994 982
985 1033 986
988 1090 989
991 968 970
993 1014 994
995 1009 972
996 971 997
999 991 992
998 1024 1000
1001 993 983
1003 1028 1004
994 1021 976
1006 1029 1007
1009 1031 1010
1008 997 971
1011 1075 1012
1006 971 972
1014 1057 1015
1017 1051 1018
996 1000 970
1002 983 984
1003 1033 1020
1021 1028 1022
1023 1055 973
1002 1000 1024
1028 1021 1016
1029 1006 1010
1030 1010 1031
1033 1003 1005
1028 1003 979
1034 1013 1035
1022 979 981
1033 985 1037
1020 1037 1038
1035 1059 1039
1041 1180 1042
1044 1050 1045
1047 1083 1048
1050 1044 1051
1051 1057 1052
1055 1157 1027
1056 1011 1013
993 1052 1057
1036 1035 1040
1059 998 997
1019 1018 1011
998 1059 1012
1001 1075 1052
1060 1005 1004
1044 1015 1057
1062 1008 1007
1058 1040 1064
1008 1062 1039
1066 1131 1067
1040 1039 1062
1069 1107 1070
1072 1099 1073
1013 1012 1059
1018 1052 1075
1060 1047 1049
1015 1044 1046
1054 1043 1042
1075 1001 1024
1061 1004 1016
1063 1079 1064
1079 1183 1065
1076 986 1005
1061 1046 1047
1080 1068 1081
1046 1045 1083
1076 1049 1084
1049 1048 1086
1081 1109 1087
1089 1181 1090
1092 1098 1093
1095 1139 1096
1098 1092 1099
1099 1107 1100
988 990 1103
1105 1066 1068
1106 1100 1107
1082 1081 1088
1109 1111 1110
1074 1073 1066
1111 1109 1067
1113 1131 1100
1114 1136 1115
1092 1070 1107
1117 1122 1118
1108 1088 1120
1122 1117 1087
1123 1162 1124
1088 1087 1117
1069 1071 1126
1128 1161 1129
1068 1067 1109
1073 1100 1131
1114 1095 1097
1070 1092 1094
1102 1091 1090
1131 1113 1112
1116 1115 1071
1119 1135 1120
1135 1184 1121
1132 1155 1136
1116 1094 1095
1137 1159 1138
1094 1093 1139
1132 1097 1140
1097 1096 1142
1143 1160 1138
1104 1185 1145
1147 1169 1148
1150 1168 1151
1149 1128 1130
1153 1127 1130
1154 1177 1155
1055 1042 1077
1158 1137 1125
1106 1069 1127
1159 1165 1144
1160 1143 1110
1161 1158 1124
1111 1112 1123
1113 1106 1153
1163 1172 1115
1127 1126 1147
1164 1173 1118
1165 1175 1166
1122 1110 1143
1167 999 984
1164 1143 1144
1014 1016 1021
1160 1123 1125
1162 1153 1129
1163 1177 1168
1126 1172 1169
1170 988 1104
1162 1123 1112
1172 1126 1071
1173 1164 1166
1174 1166 1175
1177 1163 1136
1172 1163 1150
1169 1150 1152
1177 1154 1178
1168 1178 1179
1000 1002 992
1170 1154 1156
1155 1132 1141
986 1076 1085
1023 985 987
1026 1182 973
1078 1077 1042
1171 1185 1104
1134 989 1090
1170 1146 1178
1146 1145 1179
1140 1091 1102
1156 1141 1102
1142 1089 1091
1084 1043 1054
987 1085 1054
1086 1041 1043
1023 975 1037
975 974 1038